Date, Open, High, Low, Close
06/08/23, 17.3652, 17.4418, 17.3306, 17.3807
06/07/23, 17.3872, 17.4012, 17.3059, 17.3639
06/06/23, 17.4690, 17.4978, 17.3726, 17.3825
06/05/23, 17.5565, 17.5988, 17.4533, 17.4693
06/02/23, 17.5578, 17.5726, 17.4211, 17.5563
06/01/23, 17.6872, 17.7282, 17.5387, 17.5549
05/31/23, 17.6570, 17.7717, 17.6365, 17.6846
05/30/23, 17.5848, 17.6932, 17.5416, 17.6566
05/29/23, 17.6300, 17.6386, 17.5345, 17.5894
05/26/23, 17.8545, 17.8684, 17.6170, 17.6308
05/25/23, 17.8096, 17.8805, 17.7527, 17.8549
05/24/23, 17.9801, 17.9870, 17.7672, 17.8028
05/23/23, 17.8968, 17.9977, 17.8654, 17.9742
05/22/23, 17.7881, 17.9594, 17.7478, 17.8959
05/19/23, 17.7155, 17.7930, 17.6214, 17.7881
05/18/23, 17.5952, 17.7785, 17.5919, 17.7167
05/17/23, 17.5043, 17.6895, 17.4840, 17.5935
05/16/23, 17.4349, 17.5421, 17.4228, 17.5021
05/15/23, 17.5785, 17.6185, 17.4203, 17.4407
05/12/23, 17.5797, 17.6481, 17.5616, 17.5976
05/11/23, 17.5587, 17.7004, 17.5350, 17.5791
05/10/23, 17.7738, 17.7744, 17.5453, 17.5514
05/09/23, 17.8007, 17.8311, 17.7441, 17.7744
05/08/23, 17.7625, 17.8402, 17.7407, 17.7968
05/05/23, 17.9172, 17.9484, 17.7458, 17.7604
05/04/23, 17.9271, 18.0351, 17.8535, 17.9128
05/03/23, 17.9802, 17.9908, 17.8334, 17.9281
05/02/23, 17.9440, 18.0771, 17.9014, 17.9793
05/01/23, 18.0005, 18.0207, 17.9196, 17.9382
04/28/23, 18.0364, 18.1096, 17.9645, 17.9958
04/27/23, 18.1488, 18.1937, 18.0214, 18.0377
04/26/23, 18.0738, 18.1895, 18.0334, 18.1522
04/25/23, 17.9847, 18.1511, 17.9515, 18.0754
04/24/23, 17.9950, 18.0484, 17.9662, 17.9818
04/21/23, 18.0005, 18.0441, 17.9738, 17.9952
04/20/23, 18.0469, 18.1238, 17.9877, 18.0008
04/19/23, 18.0527, 18.1526, 18.0339, 18.0463
04/18/23, 18.0183, 18.0966, 17.9633, 18.0523
04/17/23, 18.0134, 18.1557, 17.9260, 18.0204
04/14/23, 18.0120, 18.1220, 17.9996, 18.0172
04/13/23, 18.0739, 18.1211, 17.9760, 18.0123
04/12/23, 18.1773, 18.1994, 18.0212, 18.0732
04/11/23, 18.1667, 18.2222, 18.1061, 18.1764
04/10/23, 18.1242, 18.2840, 18.0760, 18.1656
04/07/23, 18.2473, 18.2700, 18.1001, 18.1251
04/06/23, 18.3085, 18.3795, 18.2011, 18.2451
04/05/23, 18.1382, 18.3981, 18.1037, 18.3052
04/04/23, 18.0626, 18.1804, 18.0129, 18.1359
04/03/23, 18.0165, 18.1500, 17.9635, 18.0633
03/31/23, 18.0930, 18.1245, 17.9904, 18.0182
03/30/23, 18.0919, 18.1611, 18.0490, 18.0939
03/29/23, 18.2347, 18.2405, 18.0689, 18.0958
03/28/23, 18.3478, 18.3588, 18.2106, 18.2361
03/27/23, 18.3972, 18.4644, 18.3261, 18.3391
03/24/23, 18.5807, 18.7971, 18.4174, 18.4220
03/23/23, 18.6111, 18.6587, 18.4531, 18.5804
03/22/23, 18.5952, 18.6640, 18.3810, 18.6110
03/21/23, 18.8266, 18.8778, 18.5940, 18.5987
03/20/23, 18.9233, 19.2299, 18.7874, 18.8302
03/17/23, 18.7205, 18.9887, 18.6381, 18.9110
03/16/23, 18.9779, 19.1790, 18.6979, 18.7157
03/15/23, 18.5983, 19.0893, 18.5841, 18.9829
03/14/23, 18.9145, 19.1525, 18.5550, 18.5964
03/13/23, 18.4927, 19.1037, 18.2398, 18.9149
03/10/23, 18.3617, 18.5965, 18.2694, 18.4966
03/09/23, 17.9821, 18.4413, 17.8974, 18.3637
03/08/23, 18.1051, 18.1271, 17.9028, 17.9839
03/07/23, 18.0028, 18.1780, 17.9680, 18.1062
03/06/23, 17.9750, 18.0395, 17.9467, 18.0051
03/03/23, 18.1246, 18.1300, 17.9492, 17.9566
03/02/23, 18.1045, 18.1930, 18.0948, 18.1239
03/01/23, 18.3070, 18.3325, 18.0734, 18.1040
02/28/23, 18.3684, 18.4183, 18.2813, 18.3053
02/27/23, 18.3869, 18.4230, 18.3178, 18.3690
02/24/23, 18.3762, 18.5055, 18.3532, 18.3936
02/23/23, 18.3621, 18.4579, 18.2994, 18.3745
02/22/23, 18.4578, 18.4811, 18.3207, 18.3614
02/21/23, 18.3841, 18.4714, 18.3354, 18.4563
02/20/23, 18.3612, 18.4374, 18.3275, 18.3869
02/17/23, 18.5253, 18.6756, 18.3351, 18.3608
02/16/23, 18.5816, 18.6844, 18.4805, 18.5286
02/15/23, 18.5224, 18.7277, 18.5068, 18.5799
02/14/23, 18.5715, 18.6727, 18.4977, 18.5216
02/13/23, 18.6620, 18.7280, 18.5595, 18.5693
02/10/23, 18.7768, 18.8319, 18.6452, 18.6641
02/09/23, 18.9418, 18.9950, 18.7390, 18.7753
02/08/23, 18.8794, 18.9835, 18.8257, 18.9400
02/07/23, 19.1698, 19.1777, 18.8726, 18.8803
02/06/23, 18.9676, 19.2577, 18.9288, 19.1680
02/03/23, 18.6656, 18.9900, 18.6434, 18.9653
02/02/23, 18.6045, 18.7083, 18.5082, 18.6633
02/01/23, 18.8407, 18.8758, 18.5968, 18.6064
01/31/23, 18.7681, 18.8504, 18.7295, 18.8406
01/30/23, 18.7723, 18.8092, 18.7469, 18.7666
01/27/23, 18.7951, 18.8286, 18.7165, 18.7741
01/26/23, 18.7944, 18.8977, 18.7840, 18.7944
01/25/23, 18.7947, 18.8537, 18.7673, 18.7912
01/24/23, 18.8145, 18.8907, 18.7853, 18.7939
01/23/23, 18.8750, 18.9120, 18.7930, 18.8080
01/20/23, 18.9935, 19.0210, 18.8479, 18.8798
01/19/23, 18.8914, 19.1089, 18.8690, 18.9919
01/18/23, 18.6647, 18.9034, 18.5670, 18.8905
01/17/23, 18.7796, 18.8322, 18.6439, 18.6595
01/16/23, 18.7671, 18.8560, 18.7310, 18.7811
01/13/23, 18.8423, 18.9141, 18.7330, 18.7629
01/12/23, 18.9306, 18.9808, 18.8172, 18.8383
01/11/23, 19.0673, 19.1125, 18.9159, 18.9356
01/10/23, 19.1495, 19.1767, 19.0496, 19.0654
01/09/23, 19.1340, 19.1943, 19.1022, 19.1421
01/06/23, 19.3279, 19.3485, 19.1206, 19.1343
01/05/23, 19.3817, 19.4359, 19.2970, 19.3265
01/04/23, 19.4071, 19.4262, 19.2569, 19.3712
01/03/23, 19.4649, 19.5353, 19.3753, 19.4070
01/02/23, 19.4810, 19.5252, 19.4628, 19.4662
12/30/22, 19.4621, 19.5840, 19.4058, 19.4879
12/29/22, 19.4329, 19.4720, 19.3003, 19.4615
12/28/22, 19.4839, 19.4980, 19.3801, 19.4327
12/27/22, 19.4021, 19.4989, 19.3388, 19.4787
12/26/22, 19.3728, 19.4141, 19.3334, 19.4013
12/23/22, 19.5643, 19.5888, 19.3476, 19.3632
12/22/22, 19.6526, 19.6821, 19.5387, 19.5520
12/21/22, 19.7618, 19.7963, 19.6281, 19.6514
12/20/22, 19.7947, 19.9006, 19.6790, 19.7611
12/19/22, 19.7862, 19.8400, 19.7110, 19.7942
12/16/22, 19.7609, 19.8843, 19.2336, 19.7835
12/15/22, 19.6248, 19.8571, 19.6155, 19.7618
12/14/22, 19.5291, 19.7605, 19.5154, 19.6161
12/13/22, 19.8600, 19.8855, 19.5211, 19.5313
12/12/22, 19.7769, 19.9184, 19.7317, 19.8610
12/09/22, 19.6252, 19.8413, 19.6120, 19.7699
12/08/22, 19.6693, 19.7370, 19.6089, 19.6236
12/07/22, 19.7613, 19.8342, 19.6266, 19.6696
12/06/22, 19.7378, 19.8622, 19.6311, 19.7600
12/05/22, 19.3899, 19.8628, 19.3472, 19.7383
12/02/22, 19.1304, 19.4436, 19.1082, 19.3921
12/01/22, 19.2668, 19.3485, 19.1195, 19.1303
11/30/22, 19.2330, 19.4587, 19.1960, 19.2654
11/29/22, 19.3068, 19.3225, 19.0397, 19.2284
11/28/22, 19.3319, 19.3677, 19.2953, 19.3060
11/25/22, 19.3812, 19.4211, 19.3060, 19.3417
11/24/22, 19.3628, 19.4001, 19.3359, 19.3809
11/23/22, 19.4383, 19.4529, 19.3304, 19.3585
11/22/22, 19.5460, 19.5720, 19.4148, 19.4355
11/21/22, 19.4400, 19.5922, 19.4151, 19.5440
11/18/22, 19.4214, 19.5367, 19.3822, 19.4520
11/17/22, 19.3450, 19.4759, 19.3101, 19.4167
11/16/22, 19.3616, 19.4008, 19.2826, 19.3501
11/15/22, 19.3534, 19.4730, 19.2497, 19.3628
11/14/22, 19.5061, 19.5734, 19.3177, 19.3535
11/11/22, 19.3174, 19.5912, 19.2661, 19.4983
11/10/22, 19.5786, 19.5996, 19.3160, 19.3160
11/09/22, 19.5292, 19.6350, 19.5088, 19.5776
11/08/22, 19.4554, 19.5668, 19.4343, 19.5362
11/07/22, 19.5258, 19.5779, 19.4310, 19.4539
11/04/22, 19.6520, 19.6746, 19.4593, 19.5283
11/03/22, 19.6727, 19.7814, 19.6301, 19.6556
11/02/22, 19.7484, 19.7629, 19.5060, 19.6722
11/01/22, 19.8113, 19.8273, 19.6810, 19.7449
10/31/22, 19.8057, 19.9179, 19.7947, 19.8117
10/28/22, 19.8345, 19.8925, 19.7846, 19.7957
10/27/22, 19.9409, 20.0396, 19.8114, 19.8369
10/26/22, 19.8824, 19.9800, 19.8108, 19.9400
10/25/22, 19.9367, 19.9417, 19.8544, 19.8825
10/24/22, 19.9198, 20.0070, 19.8984, 19.9336
10/21/22, 20.0395, 20.1404, 19.8852, 19.9196
10/20/22, 20.1094, 20.1621, 20.0219, 20.0400
10/19/22, 20.0303, 20.1766, 20.0134, 20.1063
10/18/22, 19.9989, 20.0660, 19.9580, 20.0275
10/17/22, 20.0828, 20.0828, 19.9704, 19.9979
10/14/22, 19.9832, 20.1040, 19.9628, 20.0769
10/13/22, 19.9895, 20.1590, 19.9515, 19.9806
10/12/22, 20.0836, 20.1160, 19.9694, 19.9874
10/11/22, 19.9659, 20.1130, 19.9350, 20.0824
10/10/22, 20.0386, 20.0607, 19.9407, 19.9655
10/07/22, 20.1237, 20.1395, 19.9909, 20.0410
10/06/22, 20.0707, 20.1590, 20.0144, 20.1247
10/05/22, 19.9678, 20.1546, 19.9429, 20.0679
10/04/22, 20.0301, 20.0482, 19.9524, 19.9676
10/03/22, 20.1452, 20.1610, 19.9520, 20.0295
09/30/22, 20.1675, 20.1975, 20.0512, 20.1471
09/29/22, 20.1336, 20.2788, 20.1109, 20.1661
09/28/22, 20.3755, 20.5813, 20.1187, 20.1402
09/27/22, 20.4129, 20.4333, 20.2618, 20.3740
09/26/22, 20.1989, 20.4513, 20.1894, 20.4121
09/23/22, 19.9453, 20.2520, 19.9065, 20.2006
09/22/22, 20.0209, 20.0793, 19.8398, 19.9434
09/21/22, 20.0014, 20.0829, 19.8802, 20.0207
09/20/22, 19.9221, 20.0792, 19.9034, 20.0001
09/19/22, 20.0393, 20.1604, 19.9043, 19.9184
09/16/22, 20.0754, 20.1603, 20.0166, 20.0372
09/15/22, 19.9567, 20.0923, 19.9539, 20.0772
09/14/22, 20.0747, 20.0928, 19.9103, 19.9548
09/13/22, 19.8379, 20.1058, 19.7871, 20.0786
09/12/22, 19.8949, 19.9122, 19.7550, 19.8363
09/09/22, 19.9662, 19.9764, 19.8692, 19.8854
09/08/22, 19.9777, 20.1023, 19.9445, 19.9592
09/07/22, 20.1347, 20.1911, 19.9673, 19.9768
09/06/22, 19.9929, 20.1796, 19.9468, 20.1339
09/05/22, 19.9472, 20.0269, 19.9447, 20.0017
09/02/22, 20.1859, 20.2019, 19.9259, 19.9490
09/01/22, 20.1383, 20.2932, 20.1374, 20.1809
08/31/22, 20.1528, 20.2406, 20.0806, 20.1375
08/30/22, 20.0218, 20.2072, 19.9134, 20.1538
08/29/22, 20.0272, 20.1501, 19.9679, 20.0215
08/26/22, 19.9287, 20.0346, 19.8695, 20.0264
08/25/22, 19.8967, 19.9844, 19.8509, 19.9263
08/24/22, 19.9792, 20.0090, 19.8792, 19.8954
08/23/22, 20.1409, 20.1674, 19.9548, 19.9763
08/22/22, 20.1781, 20.2483, 20.1151, 20.1407
08/19/22, 20.1195, 20.2670, 20.1195, 20.1610
08/18/22, 19.9787, 20.1774, 19.9224, 20.1220
08/17/22, 19.9093, 20.0907, 19.8949, 19.9768
08/16/22, 19.8349, 19.9744, 19.8179, 19.9082
08/15/22, 19.8418, 20.0095, 19.8060, 19.8379
08/12/22, 19.9452, 19.9765, 19.8133, 19.8492
08/11/22, 20.0306, 20.0482, 19.9017, 19.9455
08/10/22, 20.2353, 20.2708, 19.9135, 20.0299
08/09/22, 20.2520, 20.3041, 20.2004, 20.2402
08/08/22, 20.4272, 20.4395, 20.2428, 20.2514
08/05/22, 20.3429, 20.4913, 20.3165, 20.4295
08/04/22, 20.4698, 20.5025, 20.2898, 20.3419
08/03/22, 20.7987, 20.8228, 20.4273, 20.4738
08/02/22, 20.3880, 20.8289, 20.3702, 20.7861
08/01/22, 20.3674, 20.4270, 20.2410, 20.3909
07/29/22, 20.2808, 20.4190, 20.2080, 20.3676
07/28/22, 20.4059, 20.4512, 20.2739, 20.2817
07/27/22, 20.4576, 20.5723, 20.3021, 20.4068
07/26/22, 20.4680, 20.5382, 20.4112, 20.4592
07/25/22, 20.5446, 20.5874, 20.4018, 20.4716
07/22/22, 20.6312, 20.7229, 20.4922, 20.5420
07/21/22, 20.5489, 20.7000, 20.4778, 20.6313
07/20/22, 20.5196, 20.5940, 20.4478, 20.5483
07/19/22, 20.4674, 20.5250, 20.3187, 20.5204
07/18/22, 20.5317, 20.5579, 20.3305, 20.4668
07/15/22, 20.8063, 20.8919, 20.5248, 20.5402
07/14/22, 20.7311, 21.0536, 20.7282, 20.8097
07/13/22, 20.8661, 20.9963, 20.6388, 20.7318
07/12/22, 20.7401, 20.9310, 20.7297, 20.8596
07/11/22, 20.4654, 20.7981, 20.4504, 20.7404
07/08/22, 20.5161, 20.5886, 20.3666, 20.4643
07/07/22, 20.6576, 20.6811, 20.4845, 20.5167
07/06/22, 20.5228, 20.7858, 20.4924, 20.6574
07/05/22, 20.2782, 20.6185, 20.2366, 20.5227
07/04/22, 20.2616, 20.3410, 20.2150, 20.2809
07/01/22, 20.1064, 20.4660, 20.0994, 20.2624
06/30/22, 20.1286, 20.2657, 20.0624, 20.1041
06/29/22, 20.1350, 20.2095, 20.0714, 20.1288
06/28/22, 19.9248, 20.1632, 19.8650, 20.1370
06/27/22, 19.8675, 19.9536, 19.8215, 19.9214
06/24/22, 20.0167, 20.0849, 19.8264, 19.8633
06/23/22, 20.0495, 20.1448, 19.9794, 20.0163
06/22/22, 20.1241, 20.2506, 19.9990, 20.0504
06/21/22, 20.2822, 20.2881, 20.1188, 20.1240
06/20/22, 20.3469, 20.3779, 20.2241, 20.2932
06/17/22, 20.4126, 20.5801, 20.3030, 20.3433
06/16/22, 20.2565, 20.6994, 20.2192, 20.4124
06/15/22, 20.5976, 20.6958, 20.2157, 20.2568
06/14/22, 20.4579, 20.6910, 20.3537, 20.5878
06/13/22, 19.9759, 20.5193, 19.9453, 20.4593
06/10/22, 19.6726, 19.9979, 19.6183, 19.9686
06/09/22, 19.5773, 19.6921, 19.5319, 19.6730
06/08/22, 19.5880, 19.6880, 19.5569, 19.5793
06/07/22, 19.5705, 19.6345, 19.5110, 19.5927
06/06/22, 19.5593, 19.6204, 19.4709, 19.5767
06/03/22, 19.5323, 19.6105, 19.5006, 19.5565
06/02/22, 19.6983, 19.7252, 19.5277, 19.5348
06/01/22, 19.6576, 19.7729, 19.6043, 19.6999
05/31/22, 19.5510, 19.7353, 19.5366, 19.6588
05/30/22, 19.5808, 19.6181, 19.4140, 19.5588
05/27/22, 19.7678, 19.7891, 19.5502, 19.5830
05/26/22, 19.8327, 19.8672, 19.7641, 19.7672
05/25/22, 19.8434, 19.9288, 19.7900, 19.8335
05/24/22, 19.8696, 19.9428, 19.7911, 19.8440
05/23/22, 19.8636, 19.9090, 19.7769, 19.8687
05/20/22, 19.9297, 19.9634, 19.8290, 19.8642
05/19/22, 20.0460, 20.0737, 19.8712, 19.9340
05/18/22, 19.9400, 20.0788, 19.8719, 20.0477
05/17/22, 20.0269, 20.0454, 19.9290, 19.9410
05/16/22, 20.1072, 20.1832, 20.0202, 20.0246
05/13/22, 20.2475, 20.2593, 20.0781, 20.0987
05/12/22, 20.3162, 20.4750, 20.2331, 20.2482
05/11/22, 20.3935, 20.4629, 20.2293, 20.3153
05/10/22, 20.3971, 20.4410, 20.2715, 20.3939
05/09/22, 20.1481, 20.4085, 20.1468, 20.3991
05/06/22, 20.2355, 20.2983, 20.0732, 20.1539
05/05/22, 20.0272, 20.3146, 20.0056, 20.2379
05/04/22, 20.2906, 20.3067, 20.0007, 20.0255
05/03/22, 20.4788, 20.4852, 20.2632, 20.2912
05/02/22, 20.4334, 20.5119, 20.3427, 20.4818
04/29/22, 20.4474, 20.4674, 20.2875, 20.4246
04/28/22, 20.3835, 20.6376, 20.3474, 20.4488
04/27/22, 20.4337, 20.5338, 20.3225, 20.3846
04/26/22, 20.2117, 20.4490, 20.1898, 20.4343
04/25/22, 20.2242, 20.4831, 20.1623, 20.2165
04/22/22, 20.1729, 20.3800, 20.1640, 20.2421
04/21/22, 19.9983, 20.2390, 19.9793, 20.1709
04/20/22, 20.0297, 20.0739, 19.9471, 19.9889
04/19/22, 19.8302, 20.0863, 19.7623, 20.0276
04/18/22, 19.9492, 20.0179, 19.8153, 19.8327
04/15/22, 19.9707, 19.9860, 19.9270, 19.9407
04/14/22, 19.7858, 20.0275, 19.7274, 19.9703
04/13/22, 19.8034, 19.8334, 19.7391, 19.7867
04/12/22, 19.9399, 19.9472, 19.7750, 19.8021
04/11/22, 20.0488, 20.1270, 19.8997, 19.9406
04/08/22, 20.1390, 20.1886, 20.0181, 20.0486
04/07/22, 20.1691, 20.1946, 20.0722, 20.1396
04/06/22, 20.0015, 20.1945, 19.9740, 20.1654
04/05/22, 19.8130, 20.0149, 19.7635, 20.0022
04/04/22, 19.8627, 19.8963, 19.7270, 19.8151
04/01/22, 19.8685, 19.9323, 19.7486, 19.8625
03/31/22, 19.8741, 19.9698, 19.8175, 19.8682
03/30/22, 19.9769, 19.9846, 19.8180, 19.8728
03/29/22, 20.1157, 20.1337, 19.9140, 19.9774
03/28/22, 20.0393, 20.1906, 20.0124, 20.1206
03/25/22, 20.0905, 20.0973, 19.9115, 20.0350
03/24/22, 20.2229, 20.2420, 20.0737, 20.0888
03/23/22, 20.2830, 20.2937, 20.1570, 20.2241
03/22/22, 20.3660, 20.4192, 20.2500, 20.2819
03/21/22, 20.3625, 20.4153, 20.2698, 20.3760
03/18/22, 20.5219, 20.5421, 20.3590, 20.3627
03/17/22, 20.6398, 20.6661, 20.5010, 20.5218
03/16/22, 20.8315, 20.8542, 20.5975, 20.6384
03/15/22, 20.9160, 20.9291, 20.8192, 20.8314
03/14/22, 20.9319, 20.9828, 20.8326, 20.9153
03/11/22, 20.9431, 21.0501, 20.8467, 20.9222
03/10/22, 20.9084, 21.0645, 20.8890, 20.9390
03/09/22, 21.3765, 21.3820, 20.8589, 20.9077
03/08/22, 21.3159, 21.4658, 21.2078, 21.3764
03/07/22, 20.9394, 21.3691, 20.9225, 21.3152
03/04/22, 20.6382, 20.9702, 20.6377, 20.9532
03/03/22, 20.6166, 20.7544, 20.6161, 20.6351
03/02/22, 20.6589, 20.7968, 20.5810, 20.6270
03/01/22, 20.4704, 20.6785, 20.3916, 20.6565
02/28/22, 20.5553, 20.6166, 20.3200, 20.4696
02/25/22, 20.5547, 20.5772, 20.3298, 20.3463
02/24/22, 20.2424, 20.7870, 20.2386, 20.5569
02/23/22, 20.3027, 20.3084, 20.1581, 20.2381
02/22/22, 20.3098, 20.3763, 20.2716, 20.3017
02/21/22, 20.2905, 20.3295, 20.2488, 20.3084
02/18/22, 20.3007, 20.3362, 20.2642, 20.2941
02/17/22, 20.2767, 20.3544, 20.2358, 20.3045
02/16/22, 20.3982, 20.4126, 20.2516, 20.2768
02/15/22, 20.4216, 20.4498, 20.3516, 20.3962
02/14/22, 20.5422, 20.5693, 20.3885, 20.4155
02/11/22, 20.5633, 20.6391, 20.3629, 20.5433
02/10/22, 20.4779, 20.5834, 20.3495, 20.5658
02/09/22, 20.6153, 20.6238, 20.4435, 20.4780
02/08/22, 20.5960, 20.6866, 20.5881, 20.6169
02/07/22, 20.6643, 20.6983, 20.5815, 20.5934
02/04/22, 20.5551, 20.7904, 20.5355, 20.6794
02/03/22, 20.5743, 20.6560, 20.5174, 20.5535
02/02/22, 20.5469, 20.6431, 20.4814, 20.5761
02/01/22, 20.6335, 20.6555, 20.5022, 20.5458
01/31/22, 20.8000, 20.8467, 20.5895, 20.6333
01/28/22, 20.7642, 20.9110, 20.7157, 20.8057
01/27/22, 20.7475, 20.8124, 20.6533, 20.7687
01/26/22, 20.6163, 20.7795, 20.5519, 20.7468
01/25/22, 20.5802, 20.6949, 20.5718, 20.6147
01/24/22, 20.4737, 20.6911, 20.4360, 20.5770
01/21/22, 20.5415, 20.5559, 20.4288, 20.4726
01/20/22, 20.5129, 20.5680, 20.3835, 20.5386
01/19/22, 20.4048, 20.5232, 20.3260, 20.5130
01/18/22, 20.2989, 20.4488, 20.2736, 20.4034
01/17/22, 20.3091, 20.3550, 20.2763, 20.2957
01/14/22, 20.3438, 20.3665, 20.2825, 20.3052
01/13/22, 20.3481, 20.4173, 20.3038, 20.3416
01/12/22, 20.3820, 20.4439, 20.3188, 20.3515
01/11/22, 20.3738, 20.4530, 20.3416, 20.3819
01/10/22, 20.3914, 20.5240, 20.3529, 20.3690
01/07/22, 20.5027, 20.5196, 20.3543, 20.3718
01/06/22, 20.5770, 20.7606, 20.4038, 20.4983
01/05/22, 20.5181, 20.6118, 20.3428, 20.5797
01/04/22, 20.5125, 20.6370, 20.4158, 20.5201
01/03/22, 20.5142, 20.6532, 20.4105, 20.5087
12/31/21, 20.4690, 20.5218, 20.3261, 20.5013
12/30/21, 20.5715, 20.6131, 20.4592, 20.4683
12/29/21, 20.6559, 20.6799, 20.5473, 20.5722
12/28/21, 20.6894, 20.7258, 20.5625, 20.6532
12/27/21, 20.6268, 20.7446, 20.5804, 20.6924
12/24/21, 20.6444, 20.6593, 20.5795, 20.6176
12/23/21, 20.7135, 20.7369, 20.6215, 20.6404
12/22/21, 20.8121, 20.8641, 20.6974, 20.7124
12/21/21, 20.7824, 20.8713, 20.7069, 20.8147
12/20/21, 20.7828, 20.9558, 20.6979, 20.7826
12/17/21, 20.8214, 20.8670, 20.7003, 20.8416
12/16/21, 21.0116, 21.0848, 20.7649, 20.8184
12/15/21, 21.2329, 21.3465, 21.0092, 21.0128
12/14/21, 21.0177, 21.2825, 20.9704, 21.2372
12/13/21, 20.9113, 21.0258, 20.8428, 21.0175
12/10/21, 20.9522, 21.0545, 20.8417, 20.8863
12/09/21, 20.9363, 21.0777, 20.9193, 20.9509
12/08/21, 21.0337, 21.0396, 20.8874, 20.9376
12/07/21, 21.2293, 21.3021, 21.0064, 21.0341
12/06/21, 21.2695, 21.2984, 21.1715, 21.2257
12/03/21, 21.2640, 21.4925, 21.1628, 21.2686
12/02/21, 21.5163, 21.5164, 21.2406, 21.2651
12/01/21, 21.4502, 21.5162, 21.1175, 21.5162
11/30/21, 21.6747, 21.8356, 21.2850, 21.4471
11/29/21, 21.8567, 21.9940, 21.6332, 21.6733
11/26/21, 21.5656, 22.1557, 21.5522, 21.8567
11/25/21, 21.4232, 21.5983, 21.3606, 21.5663
11/24/21, 21.1937, 21.5977, 21.1813, 21.4192
11/23/21, 21.0037, 21.3087, 20.9941, 21.1920
11/22/21, 20.8454, 21.0241, 20.8160, 21.0065
11/19/21, 20.7781, 20.8890, 20.6677, 20.8446
11/18/21, 20.6646, 20.8879, 20.6235, 20.7696
11/17/21, 20.7478, 20.8075, 20.6391, 20.6503
11/16/21, 20.6191, 20.8496, 20.5567, 20.7422
11/15/21, 20.5150, 20.6820, 20.4702, 20.6122
11/12/21, 20.4968, 20.7220, 20.4504, 20.5216
11/11/21, 20.6221, 20.6888, 20.4528, 20.4968
11/10/21, 20.3196, 20.6455, 20.3095, 20.6455
11/09/21, 20.3357, 20.3762, 20.2529, 20.3200
11/08/21, 20.3412, 20.4247, 20.2920, 20.3362
11/05/21, 20.5439, 20.6430, 20.3144, 20.3418
11/04/21, 20.5328, 20.6561, 20.4978, 20.5498
11/03/21, 20.7841, 20.9794, 20.5136, 20.5413
11/02/21, 20.8442, 20.9169, 20.7111, 20.7913
11/01/21, 20.5553, 20.8890, 20.5428, 20.8406
10/29/21, 20.3744, 20.6298, 20.3510, 20.5583
10/28/21, 20.3121, 20.4187, 20.2500, 20.3778
10/27/21, 20.2127, 20.3382, 20.1476, 20.3124
10/26/21, 20.1703, 20.2403, 20.1191, 20.2134
10/25/21, 20.1751, 20.2308, 20.1543, 20.1731
10/22/21, 20.3041, 20.3394, 20.1261, 20.1807
10/21/21, 20.2059, 20.3518, 20.1943, 20.3021
10/20/21, 20.2379, 20.2810, 20.1596, 20.2033
10/19/21, 20.4136, 20.4346, 20.2166, 20.2435
10/18/21, 20.3351, 20.4968, 20.3087, 20.4114
10/15/21, 20.5532, 20.5980, 20.3187, 20.3381
10/14/21, 20.5526, 20.6599, 20.5072, 20.5530
10/13/21, 20.7798, 20.8030, 20.5415, 20.5519
10/12/21, 20.8730, 20.9034, 20.7410, 20.7790
10/11/21, 20.7133, 20.8857, 20.6975, 20.8743
10/08/21, 20.6571, 20.7851, 20.5354, 20.7078
10/07/21, 20.5562, 20.6935, 20.4627, 20.6586
10/06/21, 20.5686, 20.8779, 20.5508, 20.5555
10/05/21, 20.4892, 20.6091, 20.4850, 20.5649
10/04/21, 20.4512, 20.6206, 20.4180, 20.4859
10/01/21, 20.6403, 20.7290, 20.4111, 20.4512
09/30/21, 20.5138, 20.6768, 20.4562, 20.6393
09/29/21, 20.3380, 20.6489, 20.2827, 20.5147
09/28/21, 20.1052, 20.3936, 20.0972, 20.3358
09/27/21, 20.0552, 20.1535, 20.0111, 20.0990
09/24/21, 20.0499, 20.1930, 20.0466, 20.0569
09/23/21, 20.0884, 20.1226, 19.9783, 20.0482
09/22/21, 20.1342, 20.1468, 19.9367, 20.0879
09/21/21, 20.1402, 20.1637, 20.0579, 20.1349
09/20/21, 20.0205, 20.2036, 20.0051, 20.1352
09/17/21, 19.9435, 20.0327, 19.9064, 20.0222
09/16/21, 19.8691, 19.9679, 19.8506, 19.9388
09/15/21, 19.9094, 19.9255, 19.8429, 19.8644
09/14/21, 19.8712, 19.9279, 19.8532, 19.9134
09/13/21, 19.8825, 19.9109, 19.8476, 19.8713
09/10/21, 19.9352, 19.9495, 19.8550, 19.8934
09/09/21, 19.9366, 19.9663, 19.8770, 19.9350
09/08/21, 19.9368, 19.9829, 19.8930, 19.9423
09/07/21, 19.9151, 19.9671, 19.8823, 19.9377
09/06/21, 19.9253, 19.9389, 19.8714, 19.9167
09/03/21, 19.9619, 19.9840, 19.8518, 19.9250
09/02/21, 19.9950, 20.0201, 19.9297, 19.9605
09/01/21, 20.0720, 20.0993, 19.9241, 19.9959
08/31/21, 20.1395, 20.1546, 20.0325, 20.0718
08/30/21, 20.2051, 20.2250, 20.1117, 20.1403
08/27/21, 20.3627, 20.4270, 20.1706, 20.1982
08/26/21, 20.2359, 20.3890, 20.2152, 20.3612
08/25/21, 20.2124, 20.3528, 20.1720, 20.2346
08/24/21, 20.3172, 20.3654, 20.1991, 20.2089
08/23/21, 20.3652, 20.4455, 20.2852, 20.3110
08/20/21, 20.1612, 20.4557, 20.1390, 20.3589
08/19/21, 20.0453, 20.2089, 20.0300, 20.1637
08/18/21, 20.0101, 20.0453, 19.9528, 20.0428
08/17/21, 19.8997, 20.0300, 19.8723, 20.0063
08/16/21, 19.8780, 19.9270, 19.8462, 19.8973
08/13/21, 19.9616, 19.9807, 19.8400, 19.8768
08/12/21, 19.9256, 19.9658, 19.8641, 19.9567
08/11/21, 20.0894, 20.1186, 19.9121, 19.9282
08/10/21, 20.0759, 20.1676, 20.0509, 20.0888
08/09/21, 20.0405, 20.1251, 19.9951, 20.0785
08/06/21, 19.9280, 20.0834, 19.8965, 20.0424
08/05/21, 19.9799, 20.0000, 19.8916, 19.9364
08/04/21, 19.8869, 20.0027, 19.8157, 19.9781
08/03/21, 19.9074, 19.9284, 19.8290, 19.8827
08/02/21, 19.8757, 19.9288, 19.8039, 19.9064
07/30/21, 19.8543, 19.9260, 19.8004, 19.8801
07/29/21, 19.9176, 19.9393, 19.8166, 19.8538
07/28/21, 19.9779, 20.0353, 19.8791, 19.9190
07/27/21, 20.0411, 20.1386, 19.9483, 19.9777
07/26/21, 20.0617, 20.1647, 19.9866, 20.0461
07/23/21, 20.1166, 20.1474, 19.9929, 20.0588
07/22/21, 20.1504, 20.2233, 20.0790, 20.1066
07/21/21, 20.1570, 20.2515, 20.1127, 20.1463
07/20/21, 20.0806, 20.1951, 19.9988, 20.1626
07/19/21, 19.8930, 20.0957, 19.8734, 20.0803
07/16/21, 19.9465, 19.9560, 19.8259, 19.8940
07/15/21, 19.8766, 19.9995, 19.8669, 19.9462
07/14/21, 20.0542, 20.0636, 19.8553, 19.8796
07/13/21, 19.8505, 20.0837, 19.8104, 20.0574
07/12/21, 19.8697, 20.0124, 19.8309, 19.8499
07/09/21, 20.0004, 20.0400, 19.8454, 19.8726
07/08/21, 19.9459, 20.1600, 19.9380, 20.0021
07/07/21, 20.0274, 20.1030, 19.9063, 19.9420
07/06/21, 19.8527, 20.0794, 19.7763, 20.0304
07/05/21, 19.7735, 19.8683, 19.7654, 19.8528
07/02/21, 19.9980, 20.0529, 19.7458, 19.7723
07/01/21, 19.9453, 20.0815, 19.9100, 19.9976
06/30/21, 19.8175, 19.9680, 19.7825, 19.9431
06/29/21, 19.8212, 19.8849, 19.7687, 19.8174
06/28/21, 19.8152, 19.9018, 19.7515, 19.8248
06/25/21, 19.8610, 19.9021, 19.7056, 19.8125
06/24/21, 20.1965, 20.2153, 19.7181, 19.8619
06/23/21, 20.3522, 20.4096, 20.1713, 20.1924
06/22/21, 20.4915, 20.6755, 20.3306, 20.3478
06/21/21, 20.6547, 20.7100, 20.4668, 20.4936
06/18/21, 20.4274, 20.7488, 20.3767, 20.6715
06/17/21, 20.4047, 20.6203, 20.3269, 20.4315
06/16/21, 20.0238, 20.4239, 19.9524, 20.4077
06/15/21, 19.9653, 20.1947, 19.8854, 20.0237
06/14/21, 19.8661, 19.9795, 19.8385, 19.9603
06/11/21, 19.6940, 20.0003, 19.6369, 19.8713
06/10/21, 19.7340, 19.7770, 19.6506, 19.6993
06/09/21, 19.7068, 19.7892, 19.5984, 19.7360
06/08/21, 19.8053, 19.8575, 19.6893, 19.7086
06/07/21, 19.9647, 19.9710, 19.7362, 19.8055
06/04/21, 20.1652, 20.2139, 19.9085, 19.9637
06/03/21, 19.8978, 20.1799, 19.8953, 20.1660
06/02/21, 19.9708, 20.0234, 19.8850, 19.9024
06/01/21, 19.9533, 19.9812, 19.8446, 19.9679
05/31/21, 19.9240, 19.9537, 19.8891, 19.9532
05/28/21, 19.9537, 20.0776, 19.8983, 19.9238
05/27/21, 19.8766, 20.0446, 19.8258, 19.9510
05/26/21, 19.9150, 19.9269, 19.8314, 19.8778
05/25/21, 19.8657, 19.9296, 19.8110, 19.9121
05/24/21, 19.9456, 19.9938, 19.8496, 19.8611
05/21/21, 19.8689, 20.0160, 19.8632, 19.9494
05/20/21, 19.9309, 19.9591, 19.8390, 19.8661
05/19/21, 19.8405, 19.9764, 19.7963, 19.9325
05/18/21, 19.7837, 19.8692, 19.7202, 19.8496
05/17/21, 19.8835, 19.9511, 19.7619, 19.7804
05/14/21, 19.9362, 19.9780, 19.7542, 19.8680
05/13/21, 20.1679, 20.2141, 19.9136, 19.9373
05/12/21, 19.9645, 20.1841, 19.9284, 20.1714
05/11/21, 19.9407, 19.9995, 19.8262, 19.9628
05/10/21, 19.9250, 19.9583, 19.8602, 19.9392
05/07/21, 20.0818, 20.1195, 19.8590, 19.9203
05/06/21, 20.2607, 20.2978, 20.0771, 20.0870
05/05/21, 20.2027, 20.2870, 20.1582, 20.2585
05/04/21, 20.1700, 20.3286, 20.1494, 20.2203
05/03/21, 20.2344, 20.3177, 20.1448, 20.1727
04/30/21, 20.0531, 20.2785, 20.0152, 20.2425
04/29/21, 19.9158, 20.1655, 19.8688, 20.0490
04/28/21, 20.0565, 20.0861, 19.8605, 19.9142
04/27/21, 19.8658, 20.0725, 19.8550, 20.0572
04/26/21, 19.8425, 19.8987, 19.7993, 19.8586
04/23/21, 19.9326, 19.9493, 19.8114, 19.8331
04/22/21, 19.8874, 19.9807, 19.8641, 19.9358
04/21/21, 19.9720, 19.9992, 19.8587, 19.8813
04/20/21, 19.8195, 19.9955, 19.7812, 19.9701
04/19/21, 19.9207, 19.9427, 19.7935, 19.8196
04/16/21, 19.9418, 19.9934, 19.8900, 19.9298
04/15/21, 20.0723, 20.1010, 19.9016, 19.9414
04/14/21, 20.0893, 20.1289, 20.0124, 20.0728
04/13/21, 20.1422, 20.2214, 20.0427, 20.0850
04/12/21, 20.1625, 20.2200, 20.0729, 20.1396
04/09/21, 20.0987, 20.2269, 20.0757, 20.1612
04/08/21, 20.2038, 20.2288, 20.0646, 20.0946
04/07/21, 20.1719, 20.2552, 20.1455, 20.2056
04/06/21, 20.3189, 20.3796, 20.1411, 20.1725
04/05/21, 20.3146, 20.3809, 20.2310, 20.3166
04/02/21, 20.2932, 20.3473, 20.2750, 20.3145
04/01/21, 20.4376, 20.4980, 20.2762, 20.2883
03/31/21, 20.5886, 20.6347, 20.4050, 20.4451
03/30/21, 20.6136, 20.7059, 20.5445, 20.5941
03/29/21, 20.5875, 20.7880, 20.5626, 20.6110
03/26/21, 20.6831, 20.7305, 20.5393, 20.5830
03/25/21, 20.9369, 20.9458, 20.6141, 20.6797
03/24/21, 20.8475, 20.9694, 20.6671, 20.9385
03/23/21, 20.5757, 20.8608, 20.5415, 20.8402
03/22/21, 20.5058, 20.8258, 20.5058, 20.5670
03/19/21, 20.4824, 20.5499, 20.2882, 20.5059
03/18/21, 20.4002, 20.5963, 20.2819, 20.4860
03/17/21, 20.6219, 20.8109, 20.3126, 20.3996
03/16/21, 20.6478, 20.7307, 20.5256, 20.6210
03/15/21, 20.7228, 20.8263, 20.6285, 20.6466
03/12/21, 20.6078, 20.9318, 20.5917, 20.7256
03/11/21, 20.8931, 20.9270, 20.5838, 20.6096
03/10/21, 21.1949, 21.2848, 20.8699, 20.8880
03/09/21, 21.5090, 21.5749, 21.1290, 21.1984
03/08/21, 21.3136, 21.6314, 21.2147, 21.5183
03/05/21, 21.1291, 21.4193, 21.0870, 21.3139
03/04/21, 20.9433, 21.1706, 20.7585, 21.1245
03/03/21, 20.6080, 20.9993, 20.5533, 20.9406
03/02/21, 20.6561, 20.7904, 20.5575, 20.6084
03/01/21, 20.8573, 20.8770, 20.5777, 20.6562
02/26/21, 20.8531, 21.0483, 20.7768, 20.8624
02/25/21, 20.3783, 21.0295, 20.3768, 20.8511
02/24/21, 20.5155, 20.5567, 20.3515, 20.3829
02/23/21, 20.7317, 20.7651, 20.5024, 20.5112
02/22/21, 20.4355, 20.8335, 20.4355, 20.7346
02/19/21, 20.3100, 20.5260, 20.2554, 20.4342
02/18/21, 20.2241, 20.4722, 20.1452, 20.3074
02/17/21, 20.1558, 20.3827, 20.1475, 20.2270
02/16/21, 19.9690, 20.2475, 19.9184, 20.1557
02/15/21, 19.9372, 19.9763, 19.8933, 19.9697
02/12/21, 19.9642, 20.0871, 19.9073, 19.9487
02/11/21, 20.0437, 20.0581, 19.9065, 19.9639
02/10/21, 20.0962, 20.1467, 20.0048, 20.0321
02/09/21, 20.1106, 20.1478, 20.0141, 20.0933
02/08/21, 20.0867, 20.2447, 20.0764, 20.1109
02/05/21, 20.3957, 20.4235, 20.0825, 20.0912
02/04/21, 20.1947, 20.4934, 20.1797, 20.3986
02/03/21, 20.1333, 20.2423, 20.0747, 20.1962
02/02/21, 20.3841, 20.3893, 20.1172, 20.1326
02/01/21, 20.5876, 20.5930, 20.2671, 20.3775
01/29/21, 20.2476, 20.5987, 20.0901, 20.5919
01/28/21, 20.2870, 20.4580, 20.1285, 20.2520
01/27/21, 19.9873, 20.3301, 19.9870, 20.2886
01/26/21, 20.1133, 20.2919, 19.9352, 19.9893
01/25/21, 19.9810, 20.2378, 19.8561, 20.1130
01/22/21, 19.7267, 20.0032, 19.7203, 19.9714
01/21/21, 19.6048, 19.8065, 19.5501, 19.7300
01/20/21, 19.6657, 19.6722, 19.5538, 19.6030
01/19/21, 19.7119, 19.7305, 19.5991, 19.6649
01/18/21, 19.7973, 19.9666, 19.6956, 19.7119
01/15/21, 19.7139, 19.8940, 19.6877, 19.7961
01/14/21, 19.8549, 19.8886, 19.6413, 19.7140
01/13/21, 19.7948, 19.8909, 19.7406, 19.8561
01/12/21, 20.0693, 20.1146, 19.7810, 19.7938
01/11/21, 20.0048, 20.2603, 19.9900, 20.0709
01/08/21, 20.0149, 20.1505, 19.8717, 20.0090
01/07/21, 19.6476, 20.0858, 19.6184, 20.0137
01/06/21, 19.8938, 19.9920, 19.6000, 19.6500
01/05/21, 19.9726, 20.1040, 19.8163, 19.8979
01/04/21, 19.8822, 19.9911, 19.7174, 19.9681
01/01/21, 19.8810, 19.8848, 19.8781, 19.8822
12/31/20, 19.9036, 19.9588, 19.8413, 19.8810
12/30/20, 19.9083, 20.0429, 19.8119, 19.9035
12/29/20, 20.0166, 20.0647, 19.8666, 19.9076
12/28/20, 19.8821, 20.1220, 19.8358, 20.0183
12/25/20, 19.8937, 19.8956, 19.8637, 19.8821
12/24/20, 20.0640, 20.0726, 19.8351, 19.8897
12/23/20, 20.1425, 20.2075, 20.0137, 20.0641
12/22/20, 19.9584, 20.1856, 19.9454, 20.1432
12/21/20, 19.9846, 20.6496, 19.8943, 19.9639
12/18/20, 19.8132, 20.0370, 19.7937, 19.9451
12/17/20, 19.8477, 19.8892, 19.7378, 19.8128
12/16/20, 19.9079, 19.9921, 19.8202, 19.8472
12/15/20, 20.2429, 20.2613, 19.8960, 19.9105
12/14/20, 20.1341, 20.2488, 19.9934, 20.2424
12/11/20, 20.0092, 20.1945, 19.9532, 20.1428
12/10/20, 19.8648, 20.0454, 19.8202, 20.0013
12/09/20, 19.7842, 19.9974, 19.7017, 19.8654
12/08/20, 19.8869, 19.9104, 19.7008, 19.7869
12/07/20, 19.7696, 19.9745, 19.7667, 19.8882
12/04/20, 19.8945, 19.9252, 19.7411, 19.7732
12/03/20, 19.9682, 20.0297, 19.8618, 19.8916
12/02/20, 20.0281, 20.1459, 19.9604, 19.9650
12/01/20, 20.1800, 20.1963, 19.9877, 20.0354
11/30/20, 20.0407, 20.2168, 20.0189, 20.1796
11/27/20, 20.0393, 20.0984, 19.9701, 20.0317
11/26/20, 19.9649, 20.0646, 19.9383, 20.0396
11/25/20, 20.0250, 20.0959, 19.9555, 19.9619
11/24/20, 20.1660, 20.7191, 19.9923, 20.0278
11/23/20, 20.1044, 20.1875, 19.9497, 20.1702
11/20/20, 20.1923, 20.2715, 20.0522, 20.1162
11/19/20, 20.3211, 20.4314, 20.1108, 20.1963
11/18/20, 20.3067, 20.3490, 20.1718, 20.3198
11/17/20, 20.2643, 20.4314, 20.2411, 20.3025
11/16/20, 20.3934, 20.4193, 20.1556, 20.2646
11/13/20, 20.6428, 20.6915, 20.3700, 20.4109
11/12/20, 20.4680, 20.6812, 20.4300, 20.6409
11/11/20, 20.3311, 20.6104, 20.2459, 20.4688
11/10/20, 20.3395, 20.4826, 20.2771, 20.3309
11/09/20, 20.5834, 20.5834, 20.0364, 20.3403
11/06/20, 20.7106, 20.8594, 20.5228, 20.5871
11/05/20, 20.9403, 21.0431, 20.6567, 20.7048
11/04/20, 21.1171, 21.9803, 20.8935, 20.9400
11/03/20, 21.3762, 21.3922, 21.0214, 21.1167
11/02/20, 21.1864, 21.4984, 21.1864, 21.3767
10/30/20, 21.3817, 21.4950, 21.1750, 21.1918
10/29/20, 21.2893, 21.4845, 21.1354, 21.3826
10/28/20, 21.0349, 21.3648, 21.0129, 21.2892
10/27/20, 20.9346, 21.0496, 20.8310, 21.0339
10/26/20, 20.8729, 21.1336, 20.8700, 20.9383
10/23/20, 20.9592, 21.0414, 20.8549, 20.8643
10/22/20, 21.1071, 21.2273, 20.9430, 20.9630
10/21/20, 21.1219, 21.1336, 20.9880, 21.1073
10/20/20, 21.1999, 21.2659, 21.0340, 21.1222
10/19/20, 21.1333, 21.2953, 21.0499, 21.2005
10/16/20, 21.2747, 21.3621, 21.0908, 21.1431
10/15/20, 21.3128, 21.5286, 21.2653, 21.2768
10/14/20, 21.3435, 21.4535, 21.2482, 21.3049
10/13/20, 21.2118, 21.4815, 21.1510, 21.3353
10/12/20, 21.1381, 21.3045, 21.1246, 21.2126
10/09/20, 21.3875, 21.4021, 21.1232, 21.1318
10/08/20, 21.4666, 21.5065, 21.3497, 21.3803
10/07/20, 21.7333, 21.7383, 21.3688, 21.4617
10/06/20, 21.3977, 21.7607, 21.2515, 21.7320
10/05/20, 21.6098, 21.6462, 21.3027, 21.4012
10/02/20, 21.8294, 22.0643, 21.5755, 21.6192
10/01/20, 22.1131, 22.1232, 21.7905, 21.8339
09/30/20, 22.4538, 22.5343, 22.0262, 22.1133
09/29/20, 22.4160, 22.5406, 22.1828, 22.4533
09/28/20, 22.3454, 22.6327, 22.1480, 22.4155
09/25/20, 22.1547, 22.5481, 21.9873, 22.3432
09/24/20, 22.3893, 22.6988, 21.9630, 22.1552
09/23/20, 21.6911, 22.4420, 21.6460, 22.3751
09/22/20, 21.3606, 21.7655, 21.2937, 21.7151
09/21/20, 21.1337, 21.5910, 21.0495, 21.3618
09/18/20, 20.8671, 21.1384, 20.8455, 21.1369
09/17/20, 20.9458, 21.1471, 20.8487, 20.8661
09/16/20, 21.1552, 21.1719, 20.9222, 20.9490
09/15/20, 21.0821, 21.1677, 20.9587, 21.1572
09/14/20, 21.2761, 21.3018, 21.0408, 21.0812
09/11/20, 21.4439, 21.4558, 21.2423, 21.2754
09/10/20, 21.3656, 21.4967, 21.2070, 21.4448
09/09/20, 21.7771, 21.9434, 21.3400, 21.3659
09/08/20, 21.6196, 21.8787, 21.5703, 21.7748
09/07/20, 21.5679, 21.6602, 21.5283, 21.6162
09/04/20, 21.6573, 21.7206, 21.4980, 21.5703
09/03/20, 21.7148, 21.8053, 21.5485, 21.6560
09/02/20, 21.7803, 21.9075, 21.7081, 21.7151
09/01/20, 21.8922, 21.9422, 21.6789, 21.7755
08/31/20, 21.7575, 21.9558, 21.7402, 21.8896
08/28/20, 22.1489, 22.1591, 21.7441, 21.7532
08/27/20, 21.9408, 22.2246, 21.8260, 22.1472
08/26/20, 21.9033, 21.9853, 21.8800, 21.9418
08/25/20, 21.9980, 22.0247, 21.8770, 21.9006
08/24/20, 21.9695, 22.0420, 21.8808, 21.9977
08/21/20, 22.0802, 22.1790, 21.9513, 21.9758
08/20/20, 22.1407, 22.3290, 22.0794, 22.0800
08/19/20, 22.1613, 22.1938, 21.9998, 22.1461
08/18/20, 22.1813, 22.2161, 22.0141, 22.1601
08/17/20, 21.9798, 22.2163, 21.9067, 22.1809
08/14/20, 22.1741, 22.2420, 21.9400, 21.9751
08/13/20, 22.3578, 22.3880, 22.1366, 22.1736
08/12/20, 22.4010, 22.4935, 22.2664, 22.3610
08/11/20, 22.4736, 22.5147, 22.2592, 22.4011
08/10/20, 22.3664, 22.5421, 22.3535, 22.4757
08/07/20, 22.4096, 22.6045, 22.3532, 22.3873
08/06/20, 22.3755, 22.6104, 22.3021, 22.4128
08/05/20, 22.6692, 22.6736, 22.3399, 22.3757
08/04/20, 22.6389, 22.9100, 22.5437, 22.6696
08/03/20, 22.2743, 22.6993, 22.2478, 22.6392
07/31/20, 22.0275, 22.2980, 21.9790, 22.2783
07/30/20, 21.9748, 22.2385, 21.9601, 22.0296
07/29/20, 21.9406, 22.0434, 21.8506, 21.9737
07/28/20, 21.9205, 22.1075, 21.8932, 21.9411
07/27/20, 22.2807, 22.3259, 21.9211, 21.9248
07/24/20, 22.5127, 22.6235, 22.2444, 22.2855
07/23/20, 22.3692, 22.5506, 22.2585, 22.5092
07/22/20, 22.3388, 22.4222, 22.1880, 22.3699
07/21/20, 22.4961, 22.5077, 22.2714, 22.3390
07/20/20, 22.5468, 22.7142, 22.4620, 22.4930
07/17/20, 22.4295, 22.6123, 22.3810, 22.5455
07/16/20, 22.3279, 22.4733, 22.2790, 22.4246
07/15/20, 22.4545, 22.4585, 22.2530, 22.3298
07/14/20, 22.7627, 22.7776, 22.4260, 22.4539
07/13/20, 22.4467, 22.7640, 22.3693, 22.7626
07/10/20, 22.6433, 22.8345, 22.4441, 22.4471
07/09/20, 22.6706, 22.7646, 22.5430, 22.6458
07/08/20, 22.8596, 22.8961, 22.6497, 22.6689
07/07/20, 22.3420, 22.8765, 22.2555, 22.8595
07/06/20, 22.6258, 22.6258, 22.1539, 22.3416
07/03/20, 22.6258, 22.6258, 22.6258, 22.6258
07/02/20, 22.6779, 22.7444, 22.5300, 22.6258
07/01/20, 23.0012, 23.0949, 22.6487, 22.6752
06/30/20, 23.0722, 23.2298, 22.9345, 23.0061
06/29/20, 23.0562, 23.1984, 22.9314, 23.0713
06/26/20, 22.6633, 23.0666, 22.6527, 23.0572
06/25/20, 22.7884, 22.9841, 22.6371, 22.6618
06/24/20, 22.4185, 22.7970, 22.4140, 22.7846
06/23/20, 22.5044, 22.6709, 22.2864, 22.4133
06/22/20, 22.6409, 22.6814, 22.3033, 22.5053
06/19/20, 22.7535, 22.7726, 22.5009, 22.6348
06/18/20, 22.3376, 22.8274, 22.1985, 22.7534
06/17/20, 22.3261, 22.4675, 22.1620, 22.3280
06/16/20, 22.2233, 22.3949, 21.8963, 22.3265
06/15/20, 22.2394, 22.7526, 22.1231, 22.2243
06/12/20, 22.7609, 22.9496, 22.1865, 22.2010
06/11/20, 21.8540, 22.7876, 21.8451, 22.7599
06/10/20, 21.9190, 22.0092, 21.6885, 21.8674
06/09/20, 21.5007, 21.9307, 21.4626, 21.9158
06/08/20, 21.5934, 21.7210, 21.4770, 21.4994
06/05/20, 21.9381, 21.9483, 21.4943, 21.5926
06/04/20, 21.7716, 21.9915, 21.7063, 21.9362
06/03/20, 21.7864, 21.8111, 21.5146, 21.7692
06/02/20, 22.0321, 22.1068, 21.5891, 21.7878
06/01/20, 22.1683, 22.2807, 21.9334, 22.0308
05/29/20, 22.2103, 22.3392, 22.0401, 22.1689
05/28/20, 22.3105, 22.3973, 22.0985, 22.2097
05/27/20, 22.2030, 22.4871, 22.1434, 22.3075
05/26/20, 22.5707, 22.5873, 22.1073, 22.2010
05/25/20, 22.7311, 22.8176, 22.5204, 22.5770
05/22/20, 22.8621, 23.1420, 22.7096, 22.7329
05/21/20, 23.1957, 23.2787, 22.7608, 22.8631
05/20/20, 23.6728, 23.7536, 23.0567, 23.1961
05/19/20, 23.7569, 23.7849, 23.4580, 23.6808
05/18/20, 23.9558, 24.0473, 23.4600, 23.7548
05/15/20, 23.8696, 24.1074, 23.7678, 23.9622
05/14/20, 24.1996, 24.3758, 23.7717, 23.8693
05/13/20, 24.3720, 24.3894, 24.0089, 24.2058
05/12/20, 23.9352, 24.3978, 23.7704, 24.3621
05/11/20, 23.6725, 23.9720, 23.5513, 23.9348
05/08/20, 24.0532, 24.1178, 23.6205, 23.6777
05/07/20, 24.3850, 24.5397, 23.9378, 24.0527
05/06/20, 23.9890, 24.4031, 23.8732, 24.3849
05/05/20, 24.0920, 24.1700, 23.7852, 24.0226
05/04/20, 24.6026, 24.8865, 24.0723, 24.0901
05/01/20, 24.1729, 24.8699, 24.1225, 24.6032
04/30/20, 23.7459, 24.1791, 23.6445, 24.1723
04/29/20, 24.2967, 24.3298, 23.7437, 23.7456
04/28/20, 24.6927, 24.8483, 24.2126, 24.3008
04/27/20, 24.9876, 25.0317, 24.6798, 24.6925
04/24/20, 24.8121, 25.2819, 24.6074, 24.9884
04/23/20, 24.4949, 24.8420, 24.3227, 24.8108
04/22/20, 24.3930, 24.6884, 24.2227, 24.4755
04/21/20, 24.0630, 24.5393, 23.9877, 24.3934
04/20/20, 23.7369, 24.2300, 23.7369, 24.0605
04/17/20, 24.0301, 24.1239, 23.6370, 23.7383
04/16/20, 23.9720, 24.4285, 23.9720, 24.0628
04/15/20, 23.3912, 24.1558, 23.3711, 24.0098
04/14/20, 23.6486, 23.7473, 23.3904, 23.3913
04/13/20, 23.6706, 23.8648, 23.2508, 23.6327
04/10/20, 23.5277, 23.7808, 23.5277, 23.6706
04/09/20, 24.0425, 24.0937, 23.3483, 23.5323
04/08/20, 24.3154, 24.7783, 23.9381, 24.0422
04/07/20, 24.6319, 24.6811, 23.8526, 24.3131
04/06/20, 25.0125, 25.3045, 24.5885, 24.6336
04/03/20, 24.2359, 25.0303, 24.2261, 24.9837
04/02/20, 24.2400, 24.4940, 23.8824, 24.2260
04/01/20, 23.7052, 24.6142, 23.6321, 24.2404
03/31/20, 23.8005, 24.1497, 23.3458, 23.7085
03/30/20, 23.3910, 24.5456, 23.3910, 23.7976
03/27/20, 22.9454, 23.6088, 22.8874, 23.3919
03/26/20, 23.9367, 24.2448, 22.9478, 22.9478
03/25/20, 24.8424, 24.9083, 23.8613, 23.9352
03/24/20, 25.3606, 25.4535, 24.6261, 24.8427
03/23/20, 24.4228, 25.3598, 24.3982, 25.3598
03/20/20, 24.0428, 24.5655, 23.5010, 24.4252
03/19/20, 23.7144, 24.5872, 23.6062, 24.0275
03/18/20, 22.9555, 24.0728, 22.8232, 23.7133
03/17/20, 22.8760, 23.2112, 22.4700, 22.9523
03/16/20, 21.9145, 23.0722, 21.6380, 22.8716
03/13/20, 21.9210, 22.1417, 21.3605, 21.9168
03/12/20, 21.3848, 22.4616, 21.3520, 21.9202
03/11/20, 20.8363, 21.4862, 20.7526, 21.3875
03/10/20, 20.7990, 21.0912, 20.4038, 20.8420
03/09/20, 20.1104, 21.9137, 20.1014, 20.7987
03/06/20, 19.8475, 20.3817, 19.8084, 20.1091
03/05/20, 19.5379, 19.9797, 19.4970, 19.8480
03/04/20, 19.4537, 19.6213, 19.1880, 19.5389
03/03/20, 19.3925, 19.5572, 19.1557, 19.4536
03/02/20, 19.6162, 19.8943, 19.3878, 19.3926
02/28/20, 19.5075, 19.8934, 19.4557, 19.6130
02/27/20, 19.2836, 19.5096, 19.2653, 19.5076
02/26/20, 19.0819, 19.2968, 19.0658, 19.2825
02/25/20, 19.0722, 19.2027, 18.9430, 19.0823
02/24/20, 18.9082, 19.2624, 18.9082, 19.0727
02/21/20, 18.8332, 19.0797, 18.7991, 18.9014
02/20/20, 18.5644, 18.8594, 18.5510, 18.8333
02/19/20, 18.5911, 18.6213, 18.5535, 18.5645
02/18/20, 18.5566, 18.6614, 18.5517, 18.5912
02/17/20, 18.5395, 18.5861, 18.5204, 18.5572
02/14/20, 18.5995, 18.6157, 18.5323, 18.5412
02/13/20, 18.6203, 18.6855, 18.5820, 18.5969
02/12/20, 18.6590, 18.6700, 18.6062, 18.6215
02/11/20, 18.6978, 18.7166, 18.6430, 18.6586
02/10/20, 18.7650, 18.8282, 18.6959, 18.6980
02/07/20, 18.6568, 18.8268, 18.6293, 18.7671
02/06/20, 18.5989, 18.6969, 18.5587, 18.6569
02/05/20, 18.6683, 18.6991, 18.5747, 18.5951
02/04/20, 18.8163, 18.8403, 18.6576, 18.6689
02/03/20, 18.8445, 18.8975, 18.7186, 18.8162
01/31/20, 18.7804, 18.9409, 18.7472, 18.8468
01/30/20, 18.6995, 18.8695, 18.6913, 18.7808
01/29/20, 18.7231, 18.7742, 18.6689, 18.6984
01/28/20, 18.9118, 18.9278, 18.7106, 18.7232
01/27/20, 18.7883, 18.9763, 18.7883, 18.9114
01/24/20, 18.7664, 18.8672, 18.7261, 18.7872
01/23/20, 18.6873, 18.8556, 18.6859, 18.7635
01/22/20, 18.7746, 18.7956, 18.6591, 18.6842
01/21/20, 18.6633, 18.7948, 18.6611, 18.7725
01/20/20, 18.6603, 18.6922, 18.6443, 18.6637
01/17/20, 18.7796, 18.7936, 18.6534, 18.6612
01/16/20, 18.7909, 18.8119, 18.7711, 18.7783
01/15/20, 18.7828, 18.8264, 18.7670, 18.7908
01/14/20, 18.8006, 18.8712, 18.7761, 18.7825
01/13/20, 18.7934, 18.8616, 18.7512, 18.7995
01/10/20, 18.8379, 18.8676, 18.7468, 18.7943
01/09/20, 18.8176, 18.8790, 18.7608, 18.8378
01/08/20, 18.8962, 19.0167, 18.7660, 18.8178
01/07/20, 18.8428, 18.9299, 18.7985, 18.8943
01/06/20, 18.9218, 18.9509, 18.7972, 18.8425
01/03/20, 18.8394, 19.0278, 18.8288, 18.9224
01/02/20, 18.9313, 18.9401, 18.8243, 18.8393
01/01/20, 18.9288, 18.9340, 18.9230, 18.9312
12/31/19, 18.9329, 18.9520, 18.8414, 18.9289
12/30/19, 18.8441, 18.9562, 18.8003, 18.9333
12/27/19, 18.9445, 18.9598, 18.8085, 18.8363
12/26/19, 18.9790, 18.9797, 18.9312, 18.9436
12/25/19, 18.9815, 18.9815, 18.9730, 18.9789
12/24/19, 18.9488, 18.9907, 18.9250, 18.9826
12/23/19, 18.9425, 18.9831, 18.8962, 18.9475
12/20/19, 18.9174, 18.9642, 18.8885, 18.9471
12/19/19, 18.9660, 19.0407, 18.9123, 18.9176
12/18/19, 18.9332, 18.9944, 18.9074, 18.9663
12/17/19, 18.9323, 18.9640, 18.9028, 18.9313
12/16/19, 19.0111, 19.0851, 18.9260, 18.9319
12/13/19, 19.0557, 19.0929, 18.9829, 19.0126
12/12/19, 19.1196, 19.1375, 19.0441, 19.0550
12/11/19, 19.2581, 19.2835, 19.1097, 19.1198
12/10/19, 19.2344, 19.2682, 19.1961, 19.2579
12/09/19, 19.2947, 19.3074, 19.2129, 19.2347
12/06/19, 19.3658, 19.3854, 19.2832, 19.3021
12/05/19, 19.4330, 19.4715, 19.3406, 19.3657
12/04/19, 19.5565, 19.5812, 19.4282, 19.4331
12/03/19, 19.5771, 19.6276, 19.5395, 19.5553
12/02/19, 19.5607, 19.6114, 19.5190, 19.5762
11/29/19, 19.4711, 19.5782, 19.4312, 19.5607
11/28/19, 19.5188, 19.6591, 19.4704, 19.4710
11/27/19, 19.5200, 19.5914, 19.4636, 19.5183
11/26/19, 19.4442, 19.5922, 19.4111, 19.5199
11/25/19, 19.3745, 19.4812, 19.3150, 19.4441
11/22/19, 19.3849, 19.4337, 19.3447, 19.3753
11/21/19, 19.4657, 19.5005, 19.3579, 19.3850
11/20/19, 19.3462, 19.5432, 19.3404, 19.4626
11/19/19, 19.3184, 19.4097, 19.2440, 19.3456
11/18/19, 19.1796, 19.3273, 19.1796, 19.3190
11/15/19, 19.3215, 19.3336, 19.1766, 19.1766
11/14/19, 19.3570, 19.4847, 19.3079, 19.3211
11/13/19, 19.3174, 19.5284, 19.2975, 19.3569
11/12/19, 19.1120, 19.3653, 19.1075, 19.3176
11/11/19, 19.1048, 19.1644, 19.0847, 19.1121
11/08/19, 19.1363, 19.2064, 19.0790, 19.1031
11/07/19, 19.1457, 19.1844, 19.0904, 19.1361
11/06/19, 19.1925, 19.2536, 19.1394, 19.1453
11/05/19, 19.1727, 19.2416, 19.0922, 19.1904
11/04/19, 19.1107, 19.2103, 19.0434, 19.1737
11/01/19, 19.2346, 19.2427, 19.0693, 19.1110
10/31/19, 19.0818, 19.2445, 19.0677, 19.2341
10/30/19, 19.1207, 19.2337, 19.0790, 19.0815
10/29/19, 19.1193, 19.1483, 19.0759, 19.1204
10/28/19, 19.0620, 19.1266, 19.0176, 19.1205
10/25/19, 19.1351, 19.1392, 19.0290, 19.0612
10/24/19, 19.1157, 19.1616, 19.0586, 19.1348
10/23/19, 19.1472, 19.1900, 19.1015, 19.1155
10/22/19, 19.1235, 19.1556, 19.0764, 19.1480
10/21/19, 19.1094, 19.1700, 19.1034, 19.1222
10/18/19, 19.1971, 19.2165, 19.1072, 19.1104
10/17/19, 19.2016, 19.2507, 19.1322, 19.1979
10/16/19, 19.2398, 19.2872, 19.1679, 19.2014
10/15/19, 19.2711, 19.2926, 19.2232, 19.2408
10/14/19, 19.3217, 19.3496, 19.2534, 19.2718
10/11/19, 19.4489, 19.4602, 19.2688, 19.3236
10/10/19, 19.5708, 19.6403, 19.4379, 19.4503
10/09/19, 19.6264, 19.6343, 19.5264, 19.5712
10/08/19, 19.5753, 19.6396, 19.5112, 19.6259
10/07/19, 19.5152, 19.5935, 19.5152, 19.5754
10/04/19, 19.6531, 19.6588, 19.4948, 19.5156
10/03/19, 19.7951, 19.8153, 19.6484, 19.6528
10/02/19, 19.8238, 19.8615, 19.7453, 19.7943
10/01/19, 19.7336, 19.8356, 19.7251, 19.8245
09/30/19, 19.6926, 19.7591, 19.6751, 19.7337
09/27/19, 19.6717, 19.7350, 19.5968, 19.6928
09/26/19, 19.5686, 19.6768, 19.5293, 19.6764
09/25/19, 19.4435, 19.6153, 19.4395, 19.5698
09/24/19, 19.4796, 19.5075, 19.4058, 19.4429
09/23/19, 19.4505, 19.5059, 19.3782, 19.4785
09/20/19, 19.4558, 19.4928, 19.3995, 19.4508
09/19/19, 19.3972, 19.4611, 19.3229, 19.4562
09/18/19, 19.3624, 19.4379, 19.3265, 19.3971
09/17/19, 19.4403, 19.5474, 19.3474, 19.3633
09/16/19, 19.4072, 19.4681, 19.4000, 19.4402
09/13/19, 19.4340, 19.4588, 19.3474, 19.4059
09/12/19, 19.5095, 19.5420, 19.4022, 19.4341
09/11/19, 19.4961, 19.5730, 19.4734, 19.5077
09/10/19, 19.5682, 19.6100, 19.4760, 19.4953
09/09/19, 19.5371, 19.5956, 19.4757, 19.5664
09/06/19, 19.7436, 19.7500, 19.5210, 19.5352
09/05/19, 19.7206, 19.7590, 19.6147, 19.7466
09/04/19, 19.9741, 19.9954, 19.7134, 19.7187
09/03/19, 20.1483, 20.1644, 19.9671, 19.9744
09/02/19, 20.0675, 20.1542, 20.0365, 20.1472
08/30/19, 20.1399, 20.1972, 20.0120, 20.0651
08/29/19, 20.1072, 20.2581, 20.0494, 20.1390
08/28/19, 19.9860, 20.1261, 19.9452, 20.1045
08/27/19, 19.9317, 20.0835, 19.8798, 19.9880
08/26/19, 19.9222, 20.1268, 19.8123, 19.9337
08/23/19, 19.8228, 19.9302, 19.7570, 19.9172
08/22/19, 19.6877, 19.8481, 19.6643, 19.8204
08/21/19, 19.7670, 19.7737, 19.6411, 19.6880
08/20/19, 19.8621, 19.8877, 19.7215, 19.7669
08/19/19, 19.6598, 19.8878, 19.6077, 19.8622
08/16/19, 19.6096, 19.6846, 19.5233, 19.6593
08/15/19, 19.6749, 19.7316, 19.5818, 19.6093
08/14/19, 19.3757, 19.7490, 19.3700, 19.6747
08/13/19, 19.6061, 19.6762, 19.3546, 19.3744
08/12/19, 19.4100, 19.7764, 19.3963, 19.6051
08/09/19, 19.4092, 19.4926, 19.3785, 19.4100
08/08/19, 19.6297, 19.6579, 19.4045, 19.4095
08/07/19, 19.5754, 19.7380, 19.5319, 19.6293
08/06/19, 19.6152, 19.7391, 19.5332, 19.5757
08/05/19, 19.3066, 19.6722, 19.2986, 19.6158
08/02/19, 19.2434, 19.3716, 19.1964, 19.3066
08/01/19, 19.1380, 19.2777, 19.1176, 19.2440
07/31/19, 19.0634, 19.1840, 18.9501, 19.1408
07/30/19, 19.0641, 19.0917, 19.0189, 19.0641
07/29/19, 19.0438, 19.1275, 19.0108, 19.0647
07/26/19, 19.0217, 19.1050, 18.9895, 19.0423
07/25/19, 19.0607, 19.1253, 18.9636, 19.0234
07/24/19, 19.1766, 19.1947, 19.0545, 19.0605
07/23/19, 19.0560, 19.1887, 19.0467, 19.1768
07/22/19, 19.0229, 19.0861, 19.0048, 19.0564
07/19/19, 18.9449, 19.0479, 18.9261, 19.0293
07/18/19, 19.0659, 19.1185, 18.9429, 18.9446
07/17/19, 19.0950, 19.1240, 18.9954, 19.0647
07/16/19, 18.9759, 19.1184, 18.9552, 19.0975
07/15/19, 18.9883, 19.0004, 18.9215, 18.9758
07/12/19, 19.0734, 19.1245, 18.9751, 18.9896
07/11/19, 19.1354, 19.1702, 19.0684, 19.0722
07/10/19, 19.1555, 19.3110, 19.1313, 19.1351
07/09/19, 18.9143, 19.3270, 18.8812, 19.1543
07/08/19, 19.0118, 19.0283, 18.8647, 18.9144
07/05/19, 19.0056, 19.0796, 18.9617, 19.0155
07/04/19, 19.0210, 19.0264, 18.9665, 19.0066
07/03/19, 19.0511, 19.0877, 19.0055, 19.0207
07/02/19, 19.1257, 19.1307, 19.0486, 19.0509
07/01/19, 19.2297, 19.2297, 19.0383, 19.1258
06/28/19, 19.1781, 19.2346, 19.1490, 19.2225
06/27/19, 19.1264, 19.1881, 19.0913, 19.1784
06/26/19, 19.2261, 19.2589, 19.1220, 19.1263
06/25/19, 19.2048, 19.2734, 19.1633, 19.2263
06/24/19, 19.1245, 19.2194, 19.0781, 19.2038
06/21/19, 19.0016, 19.1622, 18.9693, 19.1247
06/20/19, 19.0178, 19.0394, 18.8935, 19.0006
06/19/19, 19.1239, 19.2061, 19.0167, 19.0180
06/18/19, 19.1762, 19.1844, 19.0499, 19.1238
06/17/19, 19.1574, 19.2135, 19.1283, 19.1763
06/14/19, 19.1955, 19.2299, 19.1132, 19.1583
06/13/19, 19.1726, 19.2157, 19.1349, 19.1807
06/12/19, 19.1312, 19.2230, 19.1023, 19.1728
06/11/19, 19.2154, 19.2401, 19.0871, 19.1311
06/10/19, 19.6173, 19.6173, 19.1360, 19.2141
06/07/19, 19.6879, 19.7888, 19.5585, 19.6242
06/06/19, 19.5791, 19.8036, 19.5713, 19.6892
06/05/19, 19.5635, 19.6715, 19.4671, 19.5785
06/04/19, 19.7781, 19.8382, 19.5179, 19.5632
06/03/19, 19.6226, 19.8792, 19.6114, 19.7779
05/31/19, 19.1426, 19.8267, 19.1424, 19.6114
05/30/19, 19.1322, 19.1614, 19.0408, 19.1419
05/29/19, 19.1932, 19.2902, 19.1299, 19.1318
05/28/19, 19.0603, 19.2075, 19.0369, 19.1931
05/27/19, 19.0434, 19.0736, 19.0178, 19.0604
05/24/19, 19.0429, 19.0952, 18.9996, 19.0491
05/23/19, 18.9876, 19.1012, 18.9801, 19.0431
05/22/19, 19.0136, 19.0391, 18.9344, 18.9875
05/21/19, 19.0678, 19.1221, 19.0016, 19.0133
05/20/19, 19.1588, 19.1621, 19.0605, 19.0662
05/17/19, 19.1252, 19.2239, 19.0936, 19.1676
05/16/19, 19.0522, 19.1335, 18.9789, 19.1242
05/15/19, 19.1505, 19.2578, 19.0121, 19.0535
05/14/19, 19.2232, 19.2390, 19.1064, 19.1498
05/13/19, 19.1167, 19.2503, 19.1150, 19.2234
05/10/19, 19.2335, 19.2826, 19.0457, 19.1016
05/09/19, 19.0854, 19.3179, 19.0694, 19.2324
05/08/19, 19.0320, 19.1295, 19.0092, 19.0869
05/07/19, 18.9900, 19.0900, 18.9505, 19.0306
05/06/19, 19.0677, 19.1118, 18.9361, 18.9899
05/03/19, 19.1190, 19.1742, 18.9122, 18.9248
05/02/19, 18.9954, 19.1407, 18.9397, 19.1185
05/01/19, 18.9408, 18.9972, 18.7908, 18.9951
04/30/19, 19.0137, 19.0815, 18.9227, 18.9407
04/29/19, 18.9384, 19.0380, 18.9007, 19.0139
04/26/19, 19.0241, 19.0818, 18.8994, 18.9384
04/25/19, 19.0686, 19.1960, 19.0149, 19.0244
04/24/19, 18.9048, 19.0922, 18.9025, 19.0688
04/23/19, 18.8268, 18.9827, 18.8207, 18.9049
04/22/19, 18.7697, 18.8622, 18.7545, 18.8249
04/19/19, 18.8064, 18.8259, 18.7545, 18.7697
04/18/19, 18.8255, 18.9085, 18.7529, 18.8046
04/17/19, 18.8708, 18.8914, 18.8002, 18.8264
04/16/19, 18.8550, 18.9986, 18.8477, 18.8710
04/15/19, 18.7579, 18.8986, 18.7448, 18.8548
04/12/19, 18.8367, 18.8676, 18.7473, 18.7579
04/11/19, 18.8189, 18.9200, 18.8050, 18.8366
04/10/19, 18.9326, 18.9449, 18.8093, 18.8169
04/09/19, 18.9672, 18.9881, 18.8941, 18.9323
04/08/19, 19.0726, 19.1296, 18.9125, 18.9671
04/05/19, 19.1480, 19.1655, 19.0508, 19.0726
04/04/19, 19.2198, 19.2821, 19.1345, 19.1481
04/03/19, 19.2261, 19.2478, 19.1095, 19.2219
04/02/19, 19.1407, 19.2600, 19.0771, 19.2280
04/01/19, 19.4304, 19.4304, 19.1387, 19.1404
03/29/19, 19.3405, 19.4780, 19.2690, 19.4304
03/28/19, 19.3621, 19.4432, 19.3042, 19.3413
03/27/19, 19.1066, 19.3774, 19.1014, 19.3623
03/26/19, 19.0205, 19.1261, 18.9967, 19.1069
03/25/19, 19.0940, 19.1551, 18.9903, 19.0209
03/22/19, 18.8603, 19.1763, 18.8416, 19.0940
03/21/19, 18.8295, 18.9223, 18.7773, 18.8595
03/20/19, 19.0132, 19.0337, 18.7482, 18.8299
03/19/19, 19.0565, 19.0787, 18.9866, 19.0136
03/18/19, 19.2093, 19.2286, 19.0437, 19.0561
03/15/19, 19.3183, 19.3201, 19.1852, 19.2093
03/14/19, 19.2857, 19.3759, 19.2807, 19.3182
03/13/19, 19.3492, 19.3667, 19.2610, 19.2842
03/12/19, 19.4006, 19.4195, 19.2423, 19.3487
03/11/19, 19.4920, 19.5195, 19.3809, 19.4009
03/08/19, 19.5507, 19.6096, 19.4643, 19.4920
03/07/19, 19.3582, 19.6215, 19.3330, 19.5503
03/06/19, 19.2473, 19.4007, 19.2437, 19.3583
03/05/19, 19.2972, 19.3243, 19.2140, 19.2471
03/04/19, 19.2669, 19.3827, 19.2669, 19.2971
03/01/19, 19.2820, 19.3373, 19.2473, 19.2669
02/28/19, 19.1665, 19.3138, 19.1567, 19.2816
02/27/19, 19.1763, 19.2614, 19.1476, 19.1659
02/26/19, 19.1324, 19.2165, 19.1066, 19.1766
02/25/19, 19.1460, 19.2409, 19.0273, 19.1329
02/22/19, 19.2884, 19.3056, 19.1006, 19.1460
02/21/19, 19.2172, 19.3278, 19.1724, 19.2882
02/20/19, 19.1452, 19.2328, 19.1337, 19.2162
02/19/19, 19.2481, 19.2985, 19.1240, 19.1455
02/18/19, 19.2477, 19.2840, 19.2025, 19.2480
02/15/19, 19.2568, 19.4171, 19.2150, 19.2477
02/14/19, 19.4356, 19.4722, 19.2506, 19.2556
02/13/19, 19.2559, 19.4499, 19.2155, 19.4370
02/12/19, 19.3035, 19.3206, 19.2085, 19.2566
02/11/19, 19.0801, 19.3288, 19.0701, 19.3043
02/08/19, 19.0861, 19.1334, 19.0247, 19.0801
02/07/19, 19.1095, 19.1858, 19.0411, 19.0899
02/06/19, 19.0365, 19.1704, 19.0361, 19.1096
02/05/19, 19.1136, 19.1296, 19.0220, 19.0363
02/04/19, 19.1014, 19.1796, 19.0183, 19.1146
02/01/19, 19.1076, 19.1857, 19.0643, 19.1014
01/31/19, 19.1339, 19.1632, 18.9767, 19.1063
01/30/19, 18.9906, 19.2034, 18.9872, 19.1340
01/29/19, 19.0388, 19.0662, 18.9655, 18.9960
01/28/19, 18.9872, 19.0826, 18.9672, 19.0384
01/25/19, 19.0186, 19.0350, 18.8842, 18.9872
01/24/19, 19.0293, 19.0883, 18.9554, 19.0194
01/23/19, 19.1689, 19.1699, 19.0263, 19.0297
01/22/19, 19.1661, 19.2410, 19.1031, 19.1690
01/21/19, 19.0832, 19.2072, 19.0832, 19.1662
01/18/19, 19.0145, 19.1434, 18.9750, 19.0832
01/17/19, 18.8931, 19.1158, 18.8767, 19.0142
01/16/19, 18.9983, 19.0535, 18.8869, 18.8929
01/15/19, 18.9812, 19.0877, 18.9520, 18.9969
01/14/19, 19.1386, 19.2049, 18.9622, 18.9805
01/11/19, 19.1280, 19.1868, 19.0604, 19.1386
01/10/19, 19.2245, 19.2690, 19.1239, 19.1288
01/09/19, 19.3582, 19.3781, 19.2025, 19.2248
01/08/19, 19.3627, 19.4358, 19.2885, 19.3567
01/07/19, 19.4218, 19.4757, 19.2937, 19.3612
01/04/19, 19.6294, 19.6707, 19.3734, 19.4218
01/03/19, 19.5704, 19.6717, 19.5539, 19.6296
01/02/19, 19.6511, 19.7197, 19.5330, 19.5703
01/01/19, 19.6499, 19.6520, 19.6440, 19.6512
12/31/18, 19.6594, 19.7050, 19.6213, 19.6491
12/28/18, 19.6755, 19.7482, 19.6090, 19.6594
12/27/18, 19.9047, 19.9489, 19.6230, 19.6754
12/26/18, 19.9010, 19.9690, 19.8425, 19.9063
12/25/18, 19.8749, 19.9245, 19.8735, 19.9010
12/24/18, 19.9400, 19.9400, 19.8190, 19.8741
12/21/18, 19.8852, 20.0219, 19.8420, 19.9400
12/20/18, 20.1144, 20.1460, 19.8097, 19.8896
12/19/18, 20.0803, 20.1657, 19.9530, 20.1151
12/18/18, 20.0773, 20.1821, 20.0352, 20.0808
12/17/18, 20.2388, 20.2388, 20.0641, 20.0772
12/14/18, 20.3167, 20.5308, 20.1992, 20.2388
12/13/18, 20.0783, 20.3354, 20.0640, 20.3172
12/12/18, 20.1996, 20.2239, 19.9874, 20.0790
12/11/18, 20.3089, 20.3478, 20.1597, 20.2019
12/10/18, 20.2735, 20.3982, 20.2030, 20.3086
12/07/18, 20.3506, 20.4210, 20.1700, 20.2735
12/06/18, 20.5033, 20.6574, 20.3143, 20.3478
12/05/18, 20.5165, 20.6182, 20.4178, 20.5038
12/04/18, 20.3589, 20.5508, 20.2365, 20.5178
12/03/18, 20.3982, 20.4049, 20.0091, 20.3586
11/30/18, 20.2384, 20.4535, 20.2252, 20.3982
11/29/18, 20.2976, 20.3476, 20.1563, 20.2393
11/28/18, 20.4790, 20.5197, 20.2029, 20.2938
11/27/18, 20.6169, 20.6303, 20.4061, 20.4800
11/26/18, 20.4119, 20.6331, 20.3403, 20.6170
11/23/18, 20.3128, 20.4434, 20.2910, 20.4119
11/22/18, 20.2487, 20.3522, 20.1962, 20.3126
11/21/18, 20.3649, 20.4091, 20.1660, 20.2426
11/20/18, 20.3748, 20.5382, 20.2920, 20.3637
11/19/18, 20.1623, 20.4234, 20.1122, 20.3743
11/16/18, 20.2294, 20.3833, 20.0746, 20.1623
11/15/18, 20.4120, 20.4464, 20.1940, 20.2293
11/14/18, 20.4936, 20.5437, 20.3098, 20.4126
11/13/18, 20.2894, 20.5822, 20.2671, 20.4932
11/12/18, 20.1375, 20.3697, 20.0902, 20.2894
11/09/18, 20.1960, 20.4124, 20.0821, 20.1375
11/08/18, 19.8612, 20.2212, 19.8179, 20.1961
11/07/18, 19.7247, 19.9022, 19.5769, 19.8619
11/06/18, 19.8866, 19.9680, 19.7141, 19.7238
11/05/18, 20.0219, 20.1393, 19.8680, 19.8868
11/02/18, 20.1567, 20.2237, 19.8993, 20.0219
11/01/18, 20.3395, 20.3430, 20.0362, 20.1568
10/31/18, 20.0520, 20.4603, 20.0249, 20.3394
10/30/18, 20.0623, 20.1439, 19.9069, 20.0514
10/29/18, 19.3604, 20.1143, 19.3597, 20.0610
10/26/18, 19.4870, 19.6154, 19.3321, 19.3604
10/25/18, 19.6069, 19.6172, 19.3955, 19.4866
10/24/18, 19.2968, 19.6265, 19.2586, 19.6049
10/23/18, 19.4071, 19.4685, 19.2600, 19.2969
10/22/18, 19.2757, 19.4087, 19.2255, 19.4070
10/19/18, 19.1549, 19.3401, 19.0826, 19.2757
10/18/18, 18.8789, 19.1870, 18.8505, 19.1545
10/17/18, 18.7508, 18.8900, 18.7482, 18.8782
10/16/18, 18.8426, 18.9075, 18.7312, 18.7519
10/15/18, 18.8601, 18.8984, 18.7726, 18.8422
10/12/18, 18.9788, 18.9813, 18.8413, 18.8601
10/11/18, 19.1542, 19.1862, 18.9423, 18.9786
10/10/18, 19.0380, 19.1757, 18.9730, 19.1553
10/09/18, 18.9427, 19.0763, 18.9167, 19.0397
10/08/18, 18.8313, 18.9575, 18.7482, 18.9424
10/05/18, 19.0997, 19.1302, 18.8020, 18.8313
10/04/18, 19.0492, 19.1994, 18.9598, 19.1007
10/03/18, 18.7945, 19.0424, 18.7147, 19.0424
10/02/18, 18.7221, 18.8683, 18.7043, 18.7940
10/01/18, 18.7135, 18.7402, 18.5017, 18.7190
09/28/18, 18.7825, 18.8735, 18.6708, 18.7135
09/27/18, 18.8419, 18.9554, 18.7518, 18.7834
09/26/18, 18.9901, 19.0570, 18.8291, 18.8460
09/25/18, 18.9684, 19.0430, 18.9301, 18.9924
09/24/18, 18.8332, 18.9733, 18.8092, 18.9687
09/21/18, 18.8291, 18.9424, 18.7881, 18.8332
09/20/18, 18.7742, 18.8899, 18.7063, 18.8275
09/19/18, 18.8078, 18.8241, 18.6838, 18.7727
09/18/18, 18.8378, 18.9229, 18.7327, 18.8079
09/17/18, 18.8912, 18.9193, 18.8059, 18.8397
09/14/18, 18.8326, 18.9221, 18.7695, 18.8912
09/13/18, 19.0198, 19.0572, 18.7929, 18.8323
09/12/18, 19.1866, 19.2257, 19.0125, 19.0188
09/11/18, 19.2717, 19.3807, 19.1569, 19.1838
09/10/18, 19.3220, 19.3625, 19.2422, 19.2716
09/07/18, 19.1839, 19.3487, 19.1223, 19.3220
09/06/18, 19.3425, 19.4468, 19.1748, 19.1832
09/05/18, 19.4030, 19.6855, 19.3150, 19.3423
09/04/18, 19.1862, 19.4807, 19.1839, 19.4037
09/03/18, 19.0835, 19.2825, 19.0835, 19.1857
08/31/18, 19.1114, 19.2823, 19.0534, 19.0835
08/30/18, 18.9524, 19.2015, 18.9293, 19.1133
08/29/18, 19.0820, 19.1941, 18.9430, 18.9574
08/28/18, 18.7669, 19.1174, 18.7102, 19.0815
08/27/18, 18.9150, 18.9150, 18.6040, 18.7659
08/24/18, 19.0085, 19.0373, 18.7793, 18.9150
08/23/18, 18.7272, 19.0165, 18.7253, 19.0074
08/22/18, 18.9559, 18.9849, 18.7155, 18.7273
08/21/18, 19.0048, 19.0153, 18.8050, 18.9557
08/20/18, 18.8942, 19.0891, 18.8583, 18.9952
08/17/18, 18.9820, 19.1570, 18.8624, 18.8942
08/16/18, 19.1395, 19.2040, 18.9245, 18.9863
08/15/18, 18.8828, 19.2991, 18.8531, 19.1396
08/14/18, 19.1191, 19.1559, 18.8553, 18.8846
08/13/18, 18.9109, 19.3747, 18.9109, 19.1161
08/10/18, 18.6934, 19.0653, 18.6885, 18.9109
08/09/18, 18.4682, 18.7057, 18.4421, 18.6962
08/08/18, 18.4567, 18.5706, 18.4103, 18.4685
08/07/18, 18.5247, 18.5528, 18.4052, 18.4561
08/06/18, 18.5605, 18.6159, 18.4615, 18.5248
08/03/18, 18.6423, 18.7092, 18.5350, 18.5605
08/02/18, 18.5882, 18.7636, 18.5846, 18.6409
08/01/18, 18.6473, 18.7127, 18.5601, 18.5875
07/31/18, 18.5386, 18.6722, 18.5119, 18.6475
07/30/18, 18.6315, 18.6589, 18.4990, 18.5387
07/27/18, 18.6263, 18.6680, 18.5261, 18.6315
07/26/18, 18.6662, 18.7456, 18.5827, 18.6274
07/25/18, 18.8850, 18.9000, 18.6659, 18.6664
07/24/18, 18.8808, 18.9606, 18.8021, 18.8819
07/23/18, 19.0232, 19.1679, 18.8630, 18.8818
07/20/18, 19.0551, 19.1468, 18.9101, 19.0232
07/19/18, 18.8969, 19.1681, 18.8714, 19.0579
07/18/18, 18.8887, 19.0407, 18.8052, 18.8955
07/17/18, 18.8190, 18.9560, 18.8108, 18.8879
07/16/18, 18.8884, 18.9197, 18.7789, 18.8205
07/13/18, 18.9823, 19.0967, 18.8561, 18.8884
07/12/18, 19.0808, 19.1016, 18.7575, 18.9773
07/11/18, 18.9282, 19.0951, 18.9039, 19.0771
07/10/18, 19.2083, 19.2860, 18.8824, 18.9285
07/09/18, 19.0458, 19.2414, 18.9703, 19.2036
07/06/18, 19.2131, 19.2796, 19.0015, 19.0458
07/05/18, 19.4522, 19.4672, 19.1827, 19.2162
07/04/18, 19.4657, 19.5609, 19.3781, 19.4429
07/03/18, 19.9561, 20.0433, 19.4426, 19.4652
07/02/18, 19.9142, 20.2000, 19.6425, 19.9546
06/29/18, 19.7120, 19.9785, 19.5688, 19.9142
06/28/18, 20.1790, 20.2066, 19.6979, 19.7086
06/27/18, 19.9536, 20.2423, 19.8969, 20.1798
06/26/18, 19.8907, 19.9965, 19.7873, 19.9541
06/25/18, 20.0095, 20.1466, 19.8841, 19.8859
06/22/18, 20.3145, 20.3383, 20.0006, 20.0095
06/21/18, 20.3586, 20.5302, 20.2022, 20.3180
06/20/18, 20.5246, 20.5765, 20.3312, 20.3584
06/19/18, 20.5177, 20.7065, 20.4866, 20.5245
06/18/18, 20.6277, 20.7838, 20.5058, 20.5144
06/15/18, 20.8849, 20.9612, 20.6154, 20.6277
06/14/18, 20.6422, 20.8942, 20.5087, 20.8887
06/13/18, 20.7155, 20.8193, 20.5756, 20.6420
06/12/18, 20.5952, 20.7285, 20.5189, 20.7158
06/11/18, 20.2893, 20.6000, 20.2771, 20.5921
06/08/18, 20.4776, 20.6580, 20.2494, 20.2893
06/07/18, 20.3021, 20.6542, 20.2900, 20.4763
06/06/18, 20.4598, 20.4870, 20.2211, 20.2989
06/05/18, 20.0727, 20.4682, 20.0594, 20.4593
06/04/18, 19.9390, 20.0960, 19.8629, 20.0742
06/01/18, 19.9112, 19.9936, 19.7987, 19.9390
05/31/18, 19.7267, 20.0423, 19.7251, 19.9089
05/30/18, 19.8384, 19.8585, 19.6447, 19.7266
05/29/18, 19.5944, 19.8831, 19.5804, 19.8363
05/28/18, 19.5492, 19.6258, 19.4531, 19.5943
05/25/18, 19.5732, 19.6669, 19.4901, 19.5492
05/24/18, 19.6327, 19.7839, 19.5260, 19.5709
05/23/18, 19.7748, 19.9964, 19.5160, 19.6324
05/22/18, 19.8192, 19.8488, 19.7050, 19.7723
05/21/18, 19.9522, 20.0378, 19.8136, 19.8199
05/18/18, 19.7424, 19.9821, 19.6549, 19.9522
05/17/18, 19.5725, 19.7532, 19.5104, 19.7338
05/16/18, 19.6946, 19.8070, 19.5552, 19.5730
05/15/18, 19.6242, 19.9338, 19.5800, 19.6963
05/14/18, 19.4224, 19.6296, 19.3011, 19.6237
05/11/18, 19.2250, 19.4458, 19.1549, 19.4224
05/10/18, 19.5709, 19.5947, 19.2025, 19.2204
05/09/18, 19.5735, 19.7030, 19.4941, 19.5680
05/08/18, 19.4646, 19.6431, 19.4160, 19.5729
05/07/18, 19.2666, 19.5360, 19.2171, 19.4644
05/04/18, 19.0627, 19.2850, 19.0341, 19.2666
05/03/18, 19.0836, 19.2150, 18.9546, 19.0622
05/02/18, 18.9540, 19.1852, 18.8646, 19.0862
05/01/18, 18.7141, 18.9976, 18.6965, 18.9523
04/30/18, 18.6133, 18.8154, 18.6133, 18.7134
04/27/18, 18.8114, 18.8630, 18.6039, 18.6133
04/26/18, 18.8479, 18.9334, 18.7494, 18.8109
04/25/18, 18.8188, 19.1422, 18.7963, 18.8473
04/24/18, 18.9423, 18.9620, 18.7666, 18.8194
04/23/18, 18.5310, 18.9535, 18.5288, 18.9407
04/20/18, 18.4479, 18.6872, 18.4329, 18.5310
04/19/18, 18.0851, 18.4856, 18.0580, 18.4481
04/18/18, 18.0491, 18.1167, 17.9745, 18.0823
04/17/18, 18.0116, 18.0570, 17.9390, 18.0492
04/16/18, 18.0449, 18.0935, 17.9900, 18.0120
04/13/18, 18.1889, 18.1989, 18.0420, 18.0449
04/12/18, 18.2290, 18.2647, 18.0924, 18.1898
04/11/18, 18.2687, 18.3329, 18.1730, 18.2265
04/10/18, 18.3515, 18.3657, 18.2388, 18.2659
04/09/18, 18.2939, 18.3939, 18.2137, 18.3514
04/06/18, 18.2063, 18.3485, 18.1848, 18.2939
04/05/18, 18.0989, 18.2276, 18.0538, 18.2052
04/04/18, 18.2186, 18.3429, 18.0642, 18.0994
04/03/18, 18.2447, 18.2521, 18.1580, 18.2188
04/02/18, 18.1614, 18.3545, 18.1614, 18.2438
03/30/18, 18.1871, 18.1929, 18.1536, 18.1614
03/29/18, 18.3058, 18.3372, 18.1667, 18.1872
03/28/18, 18.3826, 18.4446, 18.2024, 18.3062
03/27/18, 18.3368, 18.4299, 18.3033, 18.3868
03/26/18, 18.5258, 18.5258, 18.2671, 18.3373
03/23/18, 18.6356, 18.6884, 18.4805, 18.5258
03/22/18, 18.4372, 18.6583, 18.4213, 18.6357
03/21/18, 18.7682, 18.7761, 18.4058, 18.4368
03/20/18, 18.7064, 18.8071, 18.6994, 18.7683
03/19/18, 18.6915, 18.8466, 18.6912, 18.7061
03/16/18, 18.7027, 18.7644, 18.6723, 18.6915
03/15/18, 18.5844, 18.7473, 18.5665, 18.7008
03/14/18, 18.6068, 18.6295, 18.5249, 18.5841
03/13/18, 18.5887, 18.6438, 18.5031, 18.6067
03/12/18, 18.6138, 18.6848, 18.5620, 18.5881
03/09/18, 18.6593, 18.6765, 18.5071, 18.6138
03/08/18, 18.7132, 18.7705, 18.6123, 18.6596
03/07/18, 18.7401, 18.9017, 18.7059, 18.7130
03/06/18, 18.7964, 18.8062, 18.6599, 18.7397
03/05/18, 18.8111, 18.9630, 18.7813, 18.7959
03/02/18, 18.8446, 18.9792, 18.7992, 18.8111
03/01/18, 18.8342, 18.9423, 18.7843, 18.8411
02/28/18, 18.8458, 18.8767, 18.7689, 18.8372
02/27/18, 18.6778, 18.8513, 18.6397, 18.8450
02/26/18, 18.5414, 18.7143, 18.5414, 18.6749
02/23/18, 18.6104, 18.6541, 18.5199, 18.5414
02/22/18, 18.8359, 18.8592, 18.6041, 18.6100
02/21/18, 18.7083, 18.8641, 18.6087, 18.8363
02/20/18, 18.5313, 18.7383, 18.5241, 18.7059
02/19/18, 18.5246, 18.5671, 18.4616, 18.5346
02/16/18, 18.5022, 18.5460, 18.4503, 18.5246
02/15/18, 18.5771, 18.5784, 18.4320, 18.5023
02/14/18, 18.6574, 18.7850, 18.5371, 18.5826
02/13/18, 18.6014, 18.6764, 18.5694, 18.6568
02/12/18, 18.7010, 18.7266, 18.5852, 18.6037
02/09/18, 18.8942, 18.9573, 18.6717, 18.7010
02/08/18, 18.8012, 18.9740, 18.6925, 18.8941
02/07/18, 18.6018, 18.8023, 18.5898, 18.8011
02/06/18, 18.7849, 18.9349, 18.5800, 18.6025
02/05/18, 18.5948, 18.8544, 18.5219, 18.7843
02/02/18, 18.3458, 18.6508, 18.3281, 18.5948
02/01/18, 18.6003, 18.6683, 18.3090, 18.3450
01/31/18, 18.7658, 18.7784, 18.5755, 18.6005
01/30/18, 18.6098, 18.7831, 18.5681, 18.7654
01/29/18, 18.4904, 18.6768, 18.4813, 18.6142
01/26/18, 18.6026, 18.6234, 18.4135, 18.4904
01/25/18, 18.5013, 18.6486, 18.3226, 18.6022
01/24/18, 18.6955, 18.7143, 18.4537, 18.5019
01/23/18, 18.6809, 18.8775, 18.6809, 18.6961
01/22/18, 18.6248, 18.7724, 18.5699, 18.6817
01/19/18, 18.6040, 18.6605, 18.5463, 18.6248
01/18/18, 18.7154, 18.8100, 18.5971, 18.6027
01/17/18, 18.7668, 18.8334, 18.5804, 18.7151
01/16/18, 18.8573, 18.8932, 18.7492, 18.7691
01/15/18, 19.0347, 19.0347, 18.7878, 18.8549
01/12/18, 19.2741, 19.2775, 18.9863, 19.0347
01/11/18, 19.2856, 19.4338, 19.2282, 19.2736
01/10/18, 19.2402, 19.4140, 19.1676, 19.2843
01/09/18, 19.2251, 19.3501, 19.1895, 19.2404
01/08/18, 19.1752, 19.2964, 19.1720, 19.2244
01/05/18, 19.2897, 19.4007, 19.1698, 19.1752
01/04/18, 19.3506, 19.3889, 19.2097, 19.2898
01/03/18, 19.5376, 19.5432, 19.3347, 19.3485
01/02/18, 19.6553, 19.6714, 19.4408, 19.5370
01/01/18, 19.6704, 19.6762, 19.6588, 19.6596
